# Number of Energy transfer values
998
# Number of q values
3
# Energy transfer (micro eV) values
-1987.5
-1982.5
-1977.5
-1972.5
-1967.5
-1962.5
-1957.5
-1952.5
-1947.5
-1942.5
-1937.5
-1932.5
-1927.5
-1922.5
-1917.5
-1912.5
-1907.5
-1902.5
-1897.5
-1892.5
-1887.5
-1882.5
-1877.5
-1872.5
-1867.5
-1862.5
-1857.5
-1852.5
-1847.5
-1842.5
-1837.5
-1832.5
-1827.5
-1822.5
-1817.5
-1812.5
-1807.5
-1802.5
-1797.5
-1792.5
-1787.5
-1782.5
-1777.5
-1772.5
-1767.5
-1762.5
-1757.5
-1752.5
-1747.5
-1742.5
-1737.5
-1732.5
-1727.5
-1722.5
-1717.5
-1712.5
-1707.5
-1702.5
-1697.5
-1692.5
-1687.5
-1682.5
-1677.5
-1672.5
-1667.5
-1662.5
-1657.5
-1652.5
-1647.5
-1642.5
-1637.5
-1632.5
-1627.5
-1622.5
-1617.5
-1612.5
-1607.5
-1602.5
-1597.5
-1592.5
-1587.5
-1582.5
-1577.5
-1572.5
-1567.5
-1562.5
-1557.5
-1552.5
-1547.5
-1542.5
-1537.5
-1532.5
-1527.5
-1522.5
-1517.5
-1512.5
-1507.5
-1502.5
-1497.5
-1492.5
-1487.5
-1482.5
-1477.5
-1472.5
-1467.5
-1462.5
-1457.5
-1452.5
-1447.5
-1442.5
-1437.5
-1432.5
-1427.5
-1422.5
-1417.5
-1412.5
-1407.5
-1402.5
-1397.5
-1392.5
-1387.5
-1382.5
-1377.5
-1372.5
-1367.5
-1362.5
-1357.5
-1352.5
-1347.5
-1342.5
-1337.5
-1332.5
-1327.5
-1322.5
-1317.5
-1312.5
-1307.5
-1302.5
-1297.5
-1292.5
-1287.5
-1282.5
-1277.5
-1272.5
-1267.5
-1262.5
-1257.5
-1252.5
-1247.5
-1242.5
-1237.5
-1232.5
-1227.5
-1222.5
-1217.5
-1212.5
-1207.5
-1202.5
-1197.5
-1192.5
-1187.5
-1182.5
-1177.5
-1172.5
-1167.5
-1162.5
-1157.5
-1152.5
-1147.5
-1142.5
-1137.5
-1132.5
-1127.5
-1122.5
-1117.5
-1112.5
-1107.5
-1102.5
-1097.5
-1092.5
-1087.5
-1082.5
-1077.5
-1072.5
-1067.5
-1062.5
-1057.5
-1052.5
-1047.5
-1042.5
-1037.5
-1032.5
-1027.5
-1022.5
-1017.5
-1012.5
-1007.5
-1002.5
-997.5
-992.5
-987.5
-982.5
-977.5
-972.5
-967.5
-962.5
-957.5
-952.5
-947.5
-942.5
-937.5
-932.5
-927.5
-922.5
-917.5
-912.5
-907.5
-902.5
-897.5
-892.5
-887.5
-882.5
-877.5
-872.5
-867.5
-862.5
-857.5
-852.5
-847.5
-842.5
-837.5
-832.5
-827.5
-822.5
-817.5
-812.5
-807.5
-802.5
-797.5
-792.5
-787.5
-782.5
-777.5
-772.5
-767.5
-762.5
-757.5
-752.5
-747.5
-742.5
-737.5
-732.5
-727.5
-722.5
-717.5
-712.5
-707.5
-702.5
-697.5
-692.5
-687.5
-682.5
-677.5
-672.5
-667.5
-662.5
-657.5
-652.5
-647.5
-642.5
-637.5
-632.5
-627.5
-622.5
-617.5
-612.5
-607.5
-602.5
-597.5
-592.5
-587.5
-582.5
-577.5
-572.5
-567.5
-562.5
-557.5
-552.5
-547.5
-542.5
-537.5
-532.5
-527.5
-522.5
-517.5
-512.5
-507.5
-502.5
-497.5
-492.5
-487.5
-482.5
-477.5
-472.5
-467.5
-462.5
-457.5
-452.5
-447.5
-442.5
-437.5
-432.5
-427.5
-422.5
-417.5
-412.5
-407.5
-402.5
-397.5
-392.5
-387.5
-382.5
-377.5
-372.5
-367.5
-362.5
-357.5
-352.5
-347.5
-342.5
-337.5
-332.5
-327.5
-322.5
-317.5
-312.5
-307.5
-302.5
-297.5
-292.5
-287.5
-282.5
-277.5
-272.5
-267.5
-262.5
-257.5
-252.5
-247.5
-242.5
-237.5
-232.5
-227.5
-222.5
-217.5
-212.5
-207.5
-202.5
-197.5
-192.5
-187.5
-182.5
-177.5
-172.5
-167.5
-162.5
-157.5
-152.5
-147.5
-142.5
-137.5
-132.5
-127.5
-122.5
-117.5
-112.5
-107.5
-102.5
-97.5
-92.5
-87.5
-82.5
-77.5
-72.5
-67.5
-62.5
-57.5
-52.5
-47.5
-42.5
-37.5
-32.5
-27.5
-22.5
-17.5
-12.5
-7.5
-2.5
2.5
7.5
12.5
17.5
22.5
27.5
32.5
37.5
42.5
47.5
52.5
57.5
62.5
67.5
72.5
77.5
82.5
87.5
92.5
97.5
102.5
107.5
112.5
117.5
122.5
127.5
132.5
137.5
142.5
147.5
152.5
157.5
162.5
167.5
172.5
177.5
182.5
187.5
192.5
197.5
202.5
207.5
212.5
217.5
222.5
227.5
232.5
237.5
242.5
247.5
252.5
257.5
262.5
267.5
272.5
277.5
282.5
287.5
292.5
297.5
302.5
307.5
312.5
317.5
322.5
327.5
332.5
337.5
342.5
347.5
352.5
357.5
362.5
367.5
372.5
377.5
382.5
387.5
392.5
397.5
402.5
407.5
412.5
417.5
422.5
427.5
432.5
437.5
442.5
447.5
452.5
457.5
462.5
467.5
472.5
477.5
482.5
487.5
492.5
497.5
502.5
507.5
512.5
517.5
522.5
527.5
532.5
537.5
542.5
547.5
552.5
557.5
562.5
567.5
572.5
577.5
582.5
587.5
592.5
597.5
602.5
607.5
612.5
617.5
622.5
627.5
632.5
637.5
642.5
647.5
652.5
657.5
662.5
667.5
672.5
677.5
682.5
687.5
692.5
697.5
702.5
707.5
712.5
717.5
722.5
727.5
732.5
737.5
742.5
747.5
752.5
757.5
762.5
767.5
772.5
777.5
782.5
787.5
792.5
797.5
802.5
807.5
812.5
817.5
822.5
827.5
832.5
837.5
842.5
847.5
852.5
857.5
862.5
867.5
872.5
877.5
882.5
887.5
892.5
897.5
902.5
907.5
912.5
917.5
922.5
927.5
932.5
937.5
942.5
947.5
952.5
957.5
962.5
967.5
972.5
977.5
982.5
987.5
992.5
997.5
1002.5
1007.5
1012.5
1017.5
1022.5
1027.5
1032.5
1037.5
1042.5
1047.5
1052.5
1057.5
1062.5
1067.5
1072.5
1077.5
1082.5
1087.5
1092.5
1097.5
1102.5
1107.5
1112.5
1117.5
1122.5
1127.5
1132.5
1137.5
1142.5
1147.5
1152.5
1157.5
1162.5
1167.5
1172.5
1177.5
1182.5
1187.5
1192.5
1197.5
1202.5
1207.5
1212.5
1217.5
1222.5
1227.5
1232.5
1237.5
1242.5
1247.5
1252.5
1257.5
1262.5
1267.5
1272.5
1277.5
1282.5
1287.5
1292.5
1297.5
1302.5
1307.5
1312.5
1317.5
1322.5
1327.5
1332.5
1337.5
1342.5
1347.5
1352.5
1357.5
1362.5
1367.5
1372.5
1377.5
1382.5
1387.5
1392.5
1397.5
1402.5
1407.5
1412.5
1417.5
1422.5
1427.5
1432.5
1437.5
1442.5
1447.5
1452.5
1457.5
1462.5
1467.5
1472.5
1477.5
1482.5
1487.5
1492.5
1497.5
1502.5
1507.5
1512.5
1517.5
1522.5
1527.5
1532.5
1537.5
1542.5
1547.5
1552.5
1557.5
1562.5
1567.5
1572.5
1577.5
1582.5
1587.5
1592.5
1597.5
1602.5
1607.5
1612.5
1617.5
1622.5
1627.5
1632.5
1637.5
1642.5
1647.5
1652.5
1657.5
1662.5
1667.5
1672.5
1677.5
1682.5
1687.5
1692.5
1697.5
1702.5
1707.5
1712.5
1717.5
1722.5
1727.5
1732.5
1737.5
1742.5
1747.5
1752.5
1757.5
1762.5
1767.5
1772.5
1777.5
1782.5
1787.5
1792.5
1797.5
1802.5
1807.5
1812.5
1817.5
1822.5
1827.5
1832.5
1837.5
1842.5
1847.5
1852.5
1857.5
1862.5
1867.5
1872.5
1877.5
1882.5
1887.5
1892.5
1897.5
1902.5
1907.5
1912.5
1917.5
1922.5
1927.5
1932.5
1937.5
1942.5
1947.5
1952.5
1957.5
1962.5
1967.5
1972.5
1977.5
1982.5
1987.5
1992.5
1997.5
2002.5
2007.5
2012.5
2017.5
2022.5
2027.5
2032.5
2037.5
2042.5
2047.5
2052.5
2057.5
2062.5
2067.5
2072.5
2077.5
2082.5
2087.5
2092.5
2097.5
2102.5
2107.5
2112.5
2117.5
2122.5
2127.5
2132.5
2137.5
2142.5
2147.5
2152.5
2157.5
2162.5
2167.5
2172.5
2177.5
2182.5
2187.5
2192.5
2197.5
2202.5
2207.5
2212.5
2217.5
2222.5
2227.5
2232.5
2237.5
2242.5
2247.5
2252.5
2257.5
2262.5
2267.5
2272.5
2277.5
2282.5
2287.5
2292.5
2297.5
2302.5
2307.5
2312.5
2317.5
2322.5
2327.5
2332.5
2337.5
2342.5
2347.5
2352.5
2357.5
2362.5
2367.5
2372.5
2377.5
2382.5
2387.5
2392.5
2397.5
2402.5
2407.5
2412.5
2417.5
2422.5
2427.5
2432.5
2437.5
2442.5
2447.5
2452.5
2457.5
2462.5
2467.5
2472.5
2477.5
2482.5
2487.5
2492.5
2497.5
2502.5
2507.5
2512.5
2517.5
2522.5
2527.5
2532.5
2537.5
2542.5
2547.5
2552.5
2557.5
2562.5
2567.5
2572.5
2577.5
2582.5
2587.5
2592.5
2597.5
2602.5
2607.5
2612.5
2617.5
2622.5
2627.5
2632.5
2637.5
2642.5
2647.5
2652.5
2657.5
2662.5
2667.5
2672.5
2677.5
2682.5
2687.5
2692.5
2697.5
2702.5
2707.5
2712.5
2717.5
2722.5
2727.5
2732.5
2737.5
2742.5
2747.5
2752.5
2757.5
2762.5
2767.5
2772.5
2777.5
2782.5
2787.5
2792.5
2797.5
2802.5
2807.5
2812.5
2817.5
2822.5
2827.5
2832.5
2837.5
2842.5
2847.5
2852.5
2857.5
2862.5
2867.5
2872.5
2877.5
2882.5
2887.5
2892.5
2897.5
2902.5
2907.5
2912.5
2917.5
2922.5
2927.5
2932.5
2937.5
2942.5
2947.5
2952.5
2957.5
2962.5
2967.5
2972.5
2977.5
2982.5
2987.5
2992.5
2997.5
# q (1/Angstroms) values
0.52531
0.72917
0.9234
# Group 0
0.855553 0.0245117
0.857644 0.0238794
0.859793 0.023247
0.862057 0.0226146
0.864493 0.0219823
0.86716 0.0213499
0.870094 0.020928
0.87325 0.0205061
0.876563 0.0200842
0.879969 0.0196623
0.883401 0.0192404
0.886863 0.0192826
0.890634 0.0193248
0.895061 0.0193671
0.900492 0.0194093
0.907272 0.0194515
0.91558 0.0195367
0.924911 0.0196219
0.934592 0.0197071
0.943947 0.0197924
0.952304 0.0198776
0.959159 0.01992
0.964701 0.0199624
0.969291 0.0200048
0.973288 0.0200473
0.977054 0.0200897
0.980867 0.0201164
0.984677 0.0201431
0.988352 0.0201699
0.991759 0.0201966
0.994767 0.0202233
0.997289 0.0202354
0.999417 0.0202474
1.00129 0.0202595
1.00304 0.0202716
1.00481 0.0202836
1.00668 0.0202882
1.00852 0.0202927
1.01015 0.0202973
1.01138 0.0203018
1.01204 0.0203064
1.01199 0.0202888
1.01137 0.0202713
1.01036 0.0202538
1.00916 0.0202363
1.00795 0.0202187
1.00693 0.0202083
1.00623 0.0201978
1.00601 0.0201873
1.00642 0.0201769
1.0076 0.0201664
1.00964 0.0201881
1.01238 0.0202098
1.01563 0.0202315
1.01916 0.0202532
1.02278 0.0202749
1.02637 0.0203161
1.03019 0.0203574
1.03463 0.0203987
1.04005 0.0204399
1.04682 0.0204812
1.05513 0.0205613
1.06447 0.0206415
1.07413 0.0207217
1.08341 0.0208019
1.09163 0.0208821
1.0983 0.0209266
1.10379 0.0209712
1.10871 0.0210157
1.11365 0.0210603
1.1192 0.0211049
1.12582 0.0211726
1.13337 0.0212403
1.14159 0.021308
1.1502 0.0213757
1.15892 0.0214435
1.16751 0.0215049
1.17576 0.0215663
1.18349 0.0216277
1.19052 0.0216891
1.19668 0.0217505
1.20182 0.0217728
1.20597 0.021795
1.20918 0.0218173
1.21154 0.0218396
1.21311 0.0218619
1.214 0.0218649
1.21457 0.021868
1.21521 0.021871
1.21632 0.0218741
1.2183 0.0218771
1.22145 0.0219114
1.22563 0.0219458
1.23059 0.0219801
1.23609 0.0220144
1.24188 0.0220487
1.24781 0.0221043
1.25407 0.0221599
1.26093 0.0222155
1.26867 0.0222712
1.27758 0.0223268
1.28784 0.0224243
1.29932 0.0225217
1.3118 0.0226192
1.32507 0.0227166
1.3389 0.0228141
1.35319 0.0229447
1.36831 0.0230753
1.38473 0.0232058
1.40295 0.0233364
1.42344 0.023467
1.44652 0.0236672
1.47185 0.0238674
1.49891 0.0240676
1.5272 0.0242678
1.55621 0.0244681
1.5855 0.0246793
1.61482 0.0248906
1.64401 0.0251019
1.67289 0.0253131
1.70129 0.0255244
1.72906 0.0257088
1.75612 0.0258932
1.78243 0.0260776
1.80794 0.026262
1.83261 0.0264463
1.85636 0.026592
1.8791 0.0267376
1.9007 0.0268832
1.92103 0.0270288
1.93997 0.0271744
1.95733 0.0272551
1.9726 0.0273358
1.98521 0.0274165
1.99457 0.0274972
2.0001 0.0275779
2.00155 0.0275629
1.9999 0.0275478
1.99648 0.0275327
1.9926 0.0275177
1.98958 0.0275026
1.98833 0.0274967
1.98821 0.0274909
1.98819 0.027485
1.98722 0.0274792
1.98427 0.0274733
1.97865 0.0274206
1.97108 0.0273679
1.9626 0.0273153
1.9543 0.0272626
1.94721 0.0272099
1.94221 0.0272004
1.93927 0.0271908
1.93818 0.0271813
1.93872 0.0271717
1.94068 0.0271622
1.94392 0.0272085
1.94871 0.0272547
1.9554 0.027301
1.96437 0.0273473
1.97596 0.0273935
1.99031 0.0275022
2.00661 0.0276108
2.02385 0.0277194
2.041 0.027828
2.05703 0.0279366
2.07124 0.0280256
2.08429 0.0281145
2.09712 0.0282035
2.11073 0.0282925
2.12606 0.0283815
2.14381 0.0285096
2.16347 0.0286377
2.18426 0.0287658
2.20538 0.0288938
2.22604 0.0290219
2.24573 0.0291487
2.26502 0.0292755
2.28475 0.0294023
2.30577 0.029529
2.32892 0.0296558
2.3548 0.0298345
2.38306 0.0300131
2.41309 0.0301918
2.4443 0.0303704
2.47608 0.0305491
2.50792 0.030732
2.53963 0.0309149
2.57109 0.0310979
2.60222 0.0312808
2.63289 0.0314637
2.66317 0.0316514
2.69381 0.0318391
2.72575 0.0320269
2.75992 0.0322146
2.79723 0.0324023
2.8383 0.0326521
2.88247 0.032902
2.92874 0.0331518
2.97612 0.0334016
3.02363 0.0336514
3.07047 0.0338954
3.11656 0.0341394
3.162 0.0343834
3.20692 0.0346274
3.25141 0.0348714
3.29554 0.0350922
3.33916 0.035313
3.38208 0.0355338
3.42411 0.0357546
3.46505 0.0359754
3.50495 0.0361874
3.54487 0.0363993
3.58609 0.0366113
3.62991 0.0368232
3.67761 0.0370351
3.72997 0.037301
3.78563 0.0375669
3.84271 0.0378328
3.89932 0.0380986
3.95358 0.0383645
4.00415 0.0385865
4.05193 0.0388084
4.09834 0.0390304
4.14482 0.0392524
4.19279 0.0394743
4.24343 0.0397255
4.29691 0.0399767
4.35312 0.0402278
4.41198 0.040479
4.47338 0.0407301
4.53735 0.0410384
4.60431 0.0413468
4.67483 0.0416551
4.74944 0.0419635
4.82871 0.0422718
4.91286 0.0426465
5.00092 0.0430212
5.09158 0.0433958
5.18357 0.0437705
5.27557 0.0441452
5.36679 0.0445254
5.45835 0.0449056
5.55189 0.0452858
5.64901 0.045666
5.75133 0.0460462
5.85996 0.0464904
5.97387 0.0469345
6.09152 0.0473786
6.21139 0.0478227
6.33191 0.0482669
6.45204 0.0487167
6.57259 0.0491665
6.69486 0.0496164
6.82014 0.0500662
6.94973 0.0505161
7.08465 0.0510174
7.22481 0.0515187
7.36984 0.05202
7.51936 0.0525213
7.67301 0.0530226
7.83068 0.053582
7.99326 0.0541414
8.16193 0.0547007
8.33784 0.0552601
8.52215 0.0558195
8.71552 0.0564605
8.9166 0.0571016
9.12353 0.0577426
9.33445 0.0583836
9.54752 0.0590247
9.76165 0.0596916
9.9789 0.0603586
10.2021 0.0610256
10.4341 0.0616925
10.6776 0.0623595
10.935 0.063145
11.2056 0.0639304
11.4882 0.0647159
11.7819 0.0655014
12.0852 0.0662869
12.3974 0.0671566
12.7185 0.0680263
13.0488 0.0688961
13.3886 0.0697658
13.7382 0.0706355
14.0978 0.0715692
14.467 0.0725028
14.8454 0.0734364
15.2323 0.07437
15.6273 0.0753037
16.0304 0.0763043
16.4442 0.0773049
16.8715 0.0783055
17.3156 0.0793061
17.7792 0.0803067
18.2646 0.0814385
18.7695 0.0825702
19.2908 0.083702
19.8253 0.0848338
20.3699 0.0859655
20.9228 0.0871653
21.4873 0.0883651
22.0683 0.0895649
22.6704 0.0907646
23.2983 0.0919644
23.9558 0.0933324
24.6428 0.0947005
25.358 0.0960685
26.1004 0.0974365
26.8688 0.0988045
27.663 0.100345
28.4867 0.101886
29.3445 0.103427
30.2411 0.104967
31.1811 0.106508
32.1683 0.108305
33.2038 0.110102
34.2878 0.1119
35.4203 0.113697
36.6017 0.115494
37.8331 0.117563
39.119 0.119633
40.4651 0.121702
41.8768 0.123771
43.3598 0.125841
44.9196 0.128282
46.5621 0.130724
48.2931 0.133166
50.1185 0.135607
52.0441 0.138049
54.078 0.141019
56.2366 0.143989
58.5388 0.146959
61.0032 0.149929
63.6484 0.152899
66.4949 0.15676
69.5698 0.160621
72.9018 0.164481
76.5198 0.168342
80.4527 0.172203
84.7344 0.177464
89.4207 0.182726
94.5723 0.187987
100.25 0.193249
106.515 0.198511
113.437 0.205981
121.116 0.213451
129.666 0.220921
139.195 0.228392
149.815 0.235862
161.648 0.246533
174.856 0.257203
189.614 0.267873
206.096 0.278544
224.478 0.289214
244.944 0.303971
267.731 0.318728
293.085 0.333484
321.253 0.348241
352.483 0.362998
387.027 0.382376
425.167 0.401754
467.188 0.421132
513.378 0.440511
564.022 0.459889
619.417 0.483971
679.898 0.508053
745.809 0.532135
817.495 0.556217
895.3 0.580299
979.551 0.608865
1070.51 0.637431
1168.4 0.665997
1273.48 0.694564
1385.99 0.72313
1506.13 0.755303
1634 0.787477
1769.68 0.81965
1913.22 0.851824
2064.71 0.883997
2224.12 0.918192
2391.01 0.952388
2564.87 0.986583
2745.17 1.02078
2931.39 1.05497
3122.9 1.08838
3318.71 1.12178
3517.72 1.15519
3718.84 1.18859
3920.98 1.222
4122.94 1.25108
4323.08 1.28017
4519.68 1.30926
4711.02 1.33835
4895.35 1.36744
5070.97 1.3883
5236.27 1.40916
5389.67 1.43002
5529.57 1.45088
5654.38 1.47174
5762.62 1.48121
5853.09 1.49067
5924.72 1.50013
5976.43 1.5096
6007.11 1.51906
6015.92 1.51512
6002.93 1.51118
5968.47 1.50724
5912.83 1.5033
5836.34 1.49935
5739.47 1.48216
5623.34 1.46497
5489.24 1.44778
5338.46 1.43058
5172.29 1.41339
4992.13 1.38487
4799.83 1.35634
4597.33 1.32781
4386.58 1.29929
4169.55 1.27076
3948.15 1.23442
3724.15 1.19809
3499.29 1.16175
3275.3 1.12542
3053.92 1.08908
2836.78 1.04931
2625.15 1.00955
2420.15 0.969778
2222.94 0.930011
2034.67 0.890243
1856.32 0.851751
1688.18 0.813258
1530.39 0.774766
1383.08 0.736274
1246.38 0.697781
1120.32 0.664093
1004.59 0.630405
898.76 0.596717
802.41 0.563029
715.12 0.529341
636.444 0.502431
565.823 0.475522
502.673 0.448612
446.41 0.421702
396.449 0.394793
352.221 0.375132
313.22 0.355471
278.953 0.335809
248.929 0.316148
222.657 0.296487
199.677 0.283349
179.65 0.270211
162.27 0.257073
147.228 0.243935
134.218 0.230796
122.954 0.222856
113.232 0.214915
104.871 0.206975
97.6876 0.199034
91.5009 0.191094
86.1428 0.186606
81.5032 0.182119
77.4864 0.177631
73.9967 0.173144
70.9384 0.168656
68.2247 0.165968
65.8049 0.16328
63.637 0.160592
61.6791 0.157904
59.8894 0.155216
58.2304 0.153282
56.6834 0.151348
55.2338 0.149414
53.8673 0.14748
52.5695 0.145546
51.3273 0.143896
50.1321 0.142247
48.9765 0.140597
47.8532 0.138947
46.7548 0.137297
45.6747 0.135699
44.6094 0.134101
43.556 0.132504
42.5118 0.130906
41.4739 0.129308
40.4408 0.127684
39.4163 0.12606
38.4054 0.124437
37.413 0.122813
36.4441 0.121189
35.5023 0.119634
34.5844 0.118078
33.6859 0.116523
32.8023 0.114967
31.9288 0.113412
31.0621 0.111852
30.203 0.110291
29.3535 0.108731
28.5154 0.10717
27.6907 0.10561
26.8814 0.104085
26.0893 0.10256
25.3166 0.101035
24.5651 0.0995103
23.8368 0.0979854
23.1336 0.0966042
22.4568 0.095223
21.8076 0.0938417
21.1871 0.0924605
20.5966 0.0910793
20.0363 0.0898904
19.5017 0.0887015
18.9874 0.0875126
18.4882 0.0863237
17.9986 0.0851348
17.515 0.0840226
17.0411 0.0829105
16.5827 0.0817984
16.1452 0.0806862
15.7342 0.0795741
15.354 0.0787106
15.0027 0.0778471
14.6772 0.0769836
14.3743 0.0761201
14.0909 0.0752566
13.8243 0.0746033
13.5732 0.0739499
13.3369 0.0732966
13.1147 0.0726432
12.9058 0.0719899
12.7094 0.0714825
12.5241 0.0709752
12.3486 0.0704678
12.1816 0.0699605
12.0216 0.0694531
11.868 0.0690608
11.7224 0.0686684
11.5872 0.0682761
11.4648 0.0678837
11.3575 0.0674914
11.2664 0.0672676
11.1881 0.0670439
11.1178 0.0668201
11.0509 0.0665964
10.9826 0.0663726
10.9094 0.0661479
10.8326 0.0659231
10.7547 0.0656984
10.6783 0.0654736
10.6059 0.0652489
10.5392 0.0650714
10.4777 0.0648938
10.4198 0.0647163
10.3641 0.0645387
10.3093 0.0643612
10.254 0.064187
10.1978 0.0640129
10.1401 0.0638388
10.0806 0.0636646
10.0189 0.0634905
9.95456 0.0632747
9.88739 0.0630588
9.81718 0.062843
9.74375 0.0626272
9.66691 0.0624114
9.58667 0.0621501
9.50391 0.0618888
9.41972 0.0616275
9.33517 0.0613663
9.25135 0.061105
9.16922 0.0608569
9.08921 0.0606087
9.01166 0.0603606
8.93687 0.0601125
8.86516 0.0598644
8.79642 0.0596328
8.72886 0.0594012
8.66024 0.0591696
8.58835 0.0589381
8.51098 0.0587065
8.42679 0.0584116
8.33814 0.0581166
8.24827 0.0578217
8.16041 0.0575268
8.07783 0.0572319
8.00282 0.0569968
7.93394 0.0567617
7.86881 0.0565265
7.80503 0.0562914
7.74022 0.0560563
7.67258 0.0558063
7.60261 0.0555563
7.53143 0.0553064
7.46013 0.0550564
7.3898 0.0548064
7.32125 0.0545599
7.25406 0.0543134
7.18754 0.0540669
7.12097 0.0538204
7.05365 0.0535738
6.98521 0.0533264
6.91664 0.0530789
6.84928 0.0528315
6.78445 0.052584
6.72349 0.0523366
6.66722 0.0521357
6.61443 0.0519347
6.5634 0.0517338
6.51241 0.0515329
6.45974 0.0513319
6.40432 0.0511225
6.34763 0.0509132
6.29178 0.0507038
6.23889 0.0504944
6.19108 0.050285
6.14967 0.0501368
6.11274 0.0499887
6.07757 0.0498405
6.04146 0.0496923
6.00169 0.0495442
5.95623 0.0493365
5.90585 0.0491288
5.85199 0.0489211
5.79611 0.0487134
5.73965 0.0485058
5.68383 0.0482919
5.62888 0.0480781
5.57478 0.0478642
5.52153 0.0476504
5.46912 0.0474366
5.41763 0.0472528
5.36755 0.047069
5.31948 0.0468852
5.274 0.0467015
5.2317 0.0465177
5.19284 0.0463855
5.15634 0.0462534
5.1208 0.0461212
5.0848 0.045989
5.04693 0.0458569
5.00621 0.0457011
4.96337 0.0455454
4.91957 0.0453897
4.87596 0.0452339
4.83369 0.0450782
4.79368 0.0449501
4.75588 0.0448221
4.71998 0.044694
4.68569 0.044566
4.65271 0.0444379
4.62087 0.044341
4.59053 0.0442441
4.56218 0.0441472
4.53633 0.0440503
4.51346 0.0439534
4.49373 0.0438993
4.47596 0.0438451
4.45863 0.0437909
4.44022 0.0437367
4.41922 0.0436825
4.39455 0.0435759
4.36692 0.0434693
4.33748 0.0433627
4.3074 0.0432561
4.27783 0.0431495
4.24973 0.0430573
4.22339 0.042965
4.19888 0.0428727
4.17629 0.0427805
4.15571 0.0426882
4.13701 0.0426155
4.11915 0.0425427
4.10089 0.0424699
4.08098 0.0423972
4.05816 0.0423244
4.03152 0.0421843
4.00135 0.0420443
3.96831 0.0419042
3.93303 0.0417642
3.89614 0.0416242
3.85831 0.0414514
3.82028 0.0412785
3.78284 0.0411057
3.74676 0.0409329
3.71281 0.0407601
3.68154 0.0406254
3.65248 0.0404906
3.62495 0.0403559
3.59824 0.0402211
3.57167 0.0400864
3.54464 0.039931
3.51707 0.0397757
3.48899 0.0396203
3.46041 0.039465
3.43137 0.0393097
3.40199 0.0391422
3.3729 0.0389748
3.34481 0.0388074
3.31844 0.03864
3.29452 0.0384726
3.27356 0.0383446
3.25528 0.0382166
3.23918 0.0380885
3.22476 0.0379605
3.21154 0.0378325
3.19906 0.0377233
3.18702 0.0376141
3.17517 0.0375048
3.16324 0.0373956
3.15097 0.0372864
3.13818 0.0371606
3.1249 0.0370348
3.11122 0.0369091
3.09727 0.0367833
3.08313 0.0366575
3.0689 0.0365255
3.05472 0.0363934
3.04069 0.0362613
3.02693 0.0361293
3.01356 0.0359972
3.00065 0.0358736
2.98806 0.03575
2.9756 0.0356265
2.96306 0.0355029
2.95027 0.0353793
2.93708 0.0352628
2.92361 0.0351463
2.91001 0.0350297
2.89645 0.0349132
2.88308 0.0347967
2.86998 0.0346688
2.85674 0.0345409
2.84287 0.0344129
2.82788 0.034285
2.81126 0.0341571
2.79274 0.033993
2.77283 0.0338289
2.75227 0.0336649
2.73179 0.0335008
2.71213 0.0333367
2.6939 0.0332082
2.67726 0.0330798
2.66226 0.0329513
2.64893 0.0328228
2.63733 0.0326943
2.62742 0.0326099
2.61885 0.0325254
2.61116 0.0324409
2.60392 0.0323565
2.59669 0.032272
2.58903 0.0321715
2.58048 0.032071
2.57055 0.0319705
2.55879 0.03187
2.54473 0.0317695
2.52818 0.0316216
2.51014 0.0314738
2.49189 0.0313259
2.47471 0.031178
2.45988 0.0310302
2.44836 0.030956
2.43979 0.0308818
2.43349 0.0308076
2.42877 0.0307335
2.42495 0.0306593
2.42133 0.030597
2.41721 0.0305348
2.41186 0.0304726
2.40455 0.0304104
2.39457 0.0303481
2.38149 0.0302289
2.36606 0.0301097
2.34934 0.0299905
2.33239 0.0298713
2.31624 0.0297521
2.30179 0.0296701
2.28928 0.029588
2.27878 0.029506
2.27034 0.029424
2.26404 0.029342
2.25981 0.0293287
2.25698 0.0293154
2.25474 0.0293022
2.2523 0.0292889
2.24884 0.0292756
2.24368 0.029224
2.23666 0.0291724
2.22773 0.0291208
2.21685 0.0290692
2.20398 0.0290175
2.18927 0.0289415
2.17365 0.0288655
2.15825 0.0287895
2.14418 0.0287135
2.13257 0.0286374
2.12421 0.0286235
2.11855 0.0286095
2.11471 0.0285955
2.11181 0.0285815
2.10895 0.0285675
2.10535 0.0285548
2.10057 0.028542
2.09425 0.0285292
2.08605 0.0285164
2.07563 0.0285036
2.06289 0.0284427
2.04886 0.0283818
2.03481 0.0283209
2.02204 0.0282599
2.01182 0.028199
2.00505 0.0282153
2.00111 0.0282316
1.999 0.0282479
1.99771 0.0282642
1.99622 0.0282805
1.99375 0.0282903
1.9904 0.0283
1.98648 0.0283098
1.98232 0.0283196
1.97821 0.0283293
1.97439 0.028345
1.97065 0.0283607
1.9667 0.0283764
1.96225 0.0283921
1.95701 0.0284078
1.95085 0.0284051
1.94436 0.0284023
1.93829 0.0283996
1.9334 0.0283968
1.93045 0.028394
1.92981 0.0284252
1.93037 0.0284564
1.93064 0.0284876
1.92913 0.0285188
1.92437 0.0285499
1.9154 0.0284934
1.90354 0.0284369
1.89064 0.0283804
1.87856 0.0283238
1.86914 0.0282673
1.86373 0.0282768
1.86154 0.0282863
1.8613 0.0282958
1.86169 0.0283053
1.86144 0.0283148
1.8596 0.0283099
1.85671 0.0283051
1.85366 0.0283002
1.85134 0.0282954
1.85064 0.0282905
1.85215 0.0283176
1.85524 0.0283446
1.85899 0.0283717
1.86247 0.0283988
1.86474 0.0284259
1.8651 0.0284076
1.86378 0.0283894
1.86119 0.0283711
1.85777 0.0283529
1.85397 0.0283346
1.85022 0.0283171
1.84692 0.0282995
1.84447 0.0282819
1.84329 0.0282643
1.84377 0.0282467
1.84616 0.0282744
1.85005 0.0283022
1.85487 0.02833
1.86007 0.0283577
1.86506 0.0283855
1.86929 0.0283834
1.87216 0.0283813
1.87308 0.0283791
1.87145 0.028377
1.86669 0.0283749
1.85849 0.0282886
1.84777 0.0282023
1.83573 0.028116
1.82357 0.0280297
1.8125 0.0279434
1.80348 0.0278994
1.79653 0.0278553
1.79143 0.0278113
1.78796 0.0277673
1.78591 0.0277232
1.78494 0.0277046
1.78431 0.027686
1.78319 0.0276674
1.78072 0.0276488
1.77606 0.0276301
1.76866 0.0275514
1.75919 0.0274727
1.7486 0.027394
1.73784 0.0273153
1.72788 0.0272366
1.71952 0.0271986
1.71299 0.0271606
1.70836 0.0271227
1.70572 0.0270847
1.70514 0.0270467
1.7066 0.0270734
1.70966 0.0271001
1.71378 0.0271268
1.71844 0.0271535
1.72309 0.0271801
1.72731 0.0272084
1.73115 0.0272367
1.73473 0.027265
1.73822 0.0272933
1.74176 0.0273216
1.74539 0.027338
1.74876 0.0273545
1.75139 0.0273709
1.75282 0.0273873
1.75259 0.0274037
1.75039 0.0273693
1.74658 0.027335
1.74167 0.0273006
1.73618 0.0272663
1.73062 0.0272319
1.72539 0.0271917
1.72041 0.0271515
1.71547 0.0271113
1.71039 0.0270711
1.70496 0.0270309
1.69906 0.0269805
1.6928 0.02693
1.68637 0.0268796
1.67996 0.0268291
1.67377 0.0267787
1.66789 0.0267256
1.66207 0.0266726
1.65598 0.0266196
1.64927 0.0265666
1.64162 0.0265136
1.63293 0.026457
1.62402 0.0264004
1.61598 0.0263437
1.60988 0.0262871
1.6068 0.0262304
1.60741 0.0262576
1.61075 0.0262847
1.61545 0.0263118
1.62017 0.026339
1.62353 0.0263661
1.62459 0.0263642
1.62399 0.0263623
1.62278 0.0263605
1.62203 0.0263586
1.62279 0.0263567
1.62579 0.0263956
1.63053 0.0264344
1.63616 0.0264733
1.64185 0.0265121
1.64677 0.026551
1.65028 0.0265639
1.65252 0.0265769
1.65383 0.0265899
1.65454 0.0266029
1.65499 0.0266158
1.65544 0.026619
1.65593 0.0266221
1.65638 0.0266253
1.65676 0.0266284
1.65702 0.0266315
1.65711 0.0266282
1.65697 0.0266249
1.65659 0.0266215
1.6559 0.0266182
1.65487 0.0266148
1.65347 0.0265995
1.65177 0.0265843
1.64984 0.026569
1.64775 0.0265537
1.64558 0.0265384
1.64339 0.0265202
1.6412 0.0265019
1.63903 0.0264837
1.63687 0.0264654
1.63473 0.0264472
1.63273 0.0264504
1.63135 0.0264536
1.63115 0.0264568
1.63273 0.02646
1.63664 0.0264633
1.64312 0.0265101
1.65091 0.026557
1.65838 0.0266038
1.66394 0.0266507
1.66595 0.0266975
1.66336 0.0266467
1.65728 0.0265958
1.64939 0.0265449
1.64136 0.026494
1.63486 0.0264431
1.63112 0.0264326
1.62962 0.0264221
# Group 1
1.16689 0.0337002
1.17033 0.0328224
1.17368 0.0319445
1.17684 0.0310666
1.17973 0.0301887
1.18226 0.0293108
1.18435 0.0287017
1.18605 0.0280926
1.18739 0.0274835
1.18844 0.0268744
1.18925 0.0262652
1.18992 0.0262652
1.19068 0.0262652
1.19183 0.0262652
1.19365 0.0262652
1.19641 0.0262651
1.20028 0.026289
1.20485 0.0263128
1.20958 0.0263366
1.21392 0.0263604
1.21735 0.0263842
1.21952 0.0263901
1.22086 0.026396
1.22201 0.0264019
1.22361 0.0264078
1.22629 0.0264137
1.23041 0.0264382
1.23524 0.0264626
1.23978 0.026487
1.24304 0.0265115
1.244 0.0265359
1.24208 0.0264889
1.23823 0.0264418
1.23383 0.0263948
1.23025 0.0263477
1.22885 0.0263007
1.23063 0.0263474
1.23507 0.026394
1.24126 0.0264407
1.24831 0.0264874
1.25533 0.026534
1.26152 0.0265654
1.26661 0.0265967
1.27043 0.026628
1.2728 0.0266593
1.27356 0.0266906
1.27264 0.0266508
1.27035 0.026611
1.26711 0.0265713
1.26332 0.0265315
1.25941 0.0264917
1.25582 0.0264803
1.25322 0.026469
1.25231 0.0264576
1.25378 0.0264462
1.25835 0.0264348
1.26636 0.0265319
1.27679 0.0266289
1.28826 0.026726
1.29938 0.026823
1.30878 0.0269201
1.3154 0.0269368
1.31946 0.0269535
1.32151 0.0269702
1.32209 0.0269869
1.32173 0.0270035
1.32099 0.0270004
1.3204 0.0269972
1.32053 0.026994
1.32193 0.0269908
1.32513 0.0269876
1.33041 0.0270333
1.33689 0.027079
1.34338 0.0271248
1.34873 0.0271705
1.35174 0.0272162
1.3517 0.0271958
1.34963 0.0271755
1.34701 0.0271551
1.34529 0.0271347
1.34594 0.0271143
1.35 0.027175
1.35674 0.0272358
1.36497 0.0272965
1.37352 0.0273572
1.38123 0.0274179
1.38722 0.0274494
1.39178 0.0274809
1.39552 0.0275124
1.39904 0.0275439
1.40293 0.0275755
1.40765 0.0276216
1.41306 0.0276678
1.41888 0.027714
1.42482 0.0277602
1.4306 0.0278064
1.43606 0.0278632
1.44158 0.02792
1.44765 0.0279768
1.45477 0.0280336
1.46345 0.0280904
1.4739 0.028181
1.48531 0.0282716
1.49658 0.0283621
1.50661 0.0284527
1.51431 0.0285433
1.51887 0.028541
1.52074 0.0285387
1.52065 0.0285363
1.51931 0.028534
1.51748 0.0285317
1.51581 0.0285284
1.51471 0.028525
1.51453 0.0285217
1.5156 0.0285184
1.51827 0.028515
1.52273 0.0285665
1.52861 0.028618
1.5354 0.0286695
1.54256 0.028721
1.54957 0.0287725
1.55602 0.028812
1.56181 0.0288516
1.56697 0.0288911
1.57149 0.0289307
1.5754 0.0289702
1.57874 0.0289903
1.58168 0.0290103
1.58447 0.0290304
1.58732 0.0290505
1.59044 0.0290705
1.5941 0.0291219
1.59862 0.0291733
1.60438 0.0292247
1.61174 0.0292761
1.62107 0.0293275
1.63249 0.029426
1.6451 0.0295244
1.65774 0.0296229
1.66929 0.0297214
1.67857 0.0298199
1.68489 0.0298585
1.6892 0.0298972
1.69293 0.0299358
1.69747 0.0299744
1.70424 0.030013
1.71432 0.030139
1.72749 0.030265
1.74325 0.030391
1.76107 0.030517
1.78041 0.030643
1.80072 0.0308034
1.82127 0.0309639
1.84128 0.0311244
1.85998 0.0312848
1.87662 0.0314453
1.89069 0.0315393
1.90287 0.0316334
1.9141 0.0317274
1.92535 0.0318214
1.93755 0.0319155
1.95143 0.0320383
1.96679 0.032161
1.9832 0.0322838
2.00024 0.0324066
2.01747 0.0325294
2.03456 0.0326571
2.05147 0.0327847
2.06827 0.0329124
2.08504 0.03304
2.10182 0.0331677
2.11869 0.0332961
2.1357 0.0334245
2.15292 0.0335529
2.17039 0.0336813
2.18819 0.0338097
2.20637 0.0339477
2.22499 0.0340856
2.2441 0.0342235
2.26376 0.0343615
2.28401 0.0344994
2.30487 0.0346491
2.32606 0.0347987
2.34728 0.0349484
2.36822 0.0350981
2.38855 0.0352478
2.40813 0.0353916
2.42753 0.0355354
2.44746 0.0356792
2.46866 0.035823
2.49186 0.0359668
2.5175 0.0361548
2.5449 0.0363429
2.5731 0.0365309
2.60113 0.036719
2.62802 0.036907
2.65307 0.0370622
2.67659 0.0372174
2.69914 0.0373727
2.7213 0.0375279
2.74362 0.0376831
2.76668 0.0378573
2.79105 0.0380316
2.81729 0.0382059
2.84596 0.0383802
2.87764 0.0385544
2.91272 0.0388119
2.9509 0.0390694
2.99169 0.0393269
3.03463 0.0395844
3.07923 0.0398419
3.12503 0.0401282
3.17153 0.0404146
3.21825 0.0407009
3.2647 0.0409872
3.3104 0.0412735
3.35521 0.0415615
3.40035 0.0418495
3.44738 0.0421375
3.49787 0.0424255
3.55339 0.0427135
3.61498 0.0431033
3.68158 0.0434931
3.75161 0.043883
3.82348 0.0442728
3.8956 0.0446626
3.96667 0.0450348
4.03643 0.0454071
4.10492 0.0457793
4.17217 0.0461516
4.23819 0.0465238
4.30325 0.0468813
4.36856 0.0472388
4.43554 0.0475964
4.50564 0.0479539
4.5803 0.0483114
4.66068 0.0487738
4.74698 0.0492363
4.83911 0.0496988
4.937 0.0501612
5.04057 0.0506237
5.14958 0.0511781
5.26311 0.0517325
5.38009 0.0522868
5.49944 0.0528412
5.62008 0.0533956
5.74132 0.0539714
5.86406 0.0545473
5.9896 0.0551231
6.11923 0.0556989
6.25424 0.0562747
6.39592 0.0569596
6.54554 0.0576446
6.70433 0.0583295
6.87356 0.0590144
7.05448 0.0596993
7.24769 0.060539
7.4512 0.0613787
7.66236 0.0622184
7.87855 0.063058
8.09711 0.0638977
8.31609 0.0647446
8.53626 0.0655914
8.75906 0.0664382
8.98594 0.0672851
9.21835 0.0681319
9.45745 0.0690267
9.70323 0.0699214
9.9554 0.0708162
10.2137 0.071711
10.4777 0.0726057
10.7475 0.0735592
11.0239 0.0745128
11.3082 0.0754663
11.6013 0.0764198
11.9045 0.0773733
12.2184 0.0784066
12.5413 0.0794399
12.8709 0.0804731
13.205 0.0815064
13.5414 0.0825396
13.8788 0.0835877
14.2201 0.0846357
14.5691 0.0856838
14.9296 0.0867319
15.3055 0.0877799
15.6997 0.0889622
16.1107 0.0901446
16.5364 0.0913269
16.9743 0.0925092
17.4222 0.0936915
17.8786 0.0949539
18.345 0.0962163
18.8235 0.0974787
19.3166 0.0987411
19.8265 0.100004
20.3551 0.101403
20.9032 0.102803
21.471 0.104203
22.0591 0.105603
22.6676 0.107003
23.2976 0.108583
23.9521 0.110164
24.6348 0.111745
25.3494 0.113325
26.0994 0.114906
26.8882 0.116781
27.7182 0.118657
28.5915 0.120533
29.5102 0.122408
30.4762 0.124284
31.4931 0.126567
32.5692 0.12885
33.7143 0.131133
34.9383 0.133415
36.2508 0.135698
37.6619 0.138668
39.1822 0.141637
40.8224 0.144607
42.5935 0.147576
44.5064 0.150546
46.5735 0.154497
48.8147 0.158448
51.2515 0.162398
53.9054 0.166349
56.798 0.1703
59.9556 0.17575
63.4239 0.1812
67.2533 0.18665
71.4943 0.192099
76.1973 0.197549
81.4162 0.205335
87.2186 0.213121
93.6757 0.220907
100.858 0.228693
108.838 0.236479
117.699 0.247494
127.581 0.258509
138.636 0.269524
151.017 0.280539
164.877 0.291554
180.381 0.307057
197.743 0.322561
217.19 0.338065
238.949 0.353569
263.248 0.369073
290.314 0.389893
320.384 0.410713
353.698 0.431533
390.493 0.452353
431.008 0.473172
475.481 0.499158
524.137 0.525144
577.202 0.55113
634.9 0.577115
697.456 0.603101
765.064 0.633344
837.784 0.663587
915.649 0.69383
998.687 0.724073
1086.93 0.754316
1180.36 0.786922
1278.8 0.819527
1382.01 0.852132
1489.75 0.884737
1601.8 0.917342
1717.84 0.949723
1837.3 0.982104
1959.5 1.01448
2083.79 1.04687
2209.51 1.07925
2335.95 1.10816
2462.27 1.13708
2587.59 1.166
2711.04 1.19492
2831.72 1.22384
2948.72 1.24606
3060.98 1.26828
3167.38 1.2905
3266.83 1.31272
3358.22 1.33495
3440.48 1.34713
3512.68 1.35932
3573.93 1.3715
3623.33 1.38369
3659.98 1.39588
3683.13 1.39542
3692.51 1.39497
3688 1.39452
3669.47 1.39407
3636.8 1.39362
3590.01 1.37983
3529.72 1.36603
3456.72 1.35223
3371.76 1.33843
3275.63 1.32463
3169.16 1.29891
3053.46 1.27319
2929.67 1.24747
2798.96 1.22175
2662.49 1.19603
2521.43 1.16112
2377.02 1.12621
2230.5 1.0913
2083.14 1.05639
1936.17 1.02149
1790.8 0.98135
1648.1 0.941214
1509.09 0.901079
1374.79 0.860944
1246.22 0.820809
1124.27 0.780741
1009.37 0.740673
901.802 0.700605
801.851 0.660537
709.809 0.620469
625.864 0.585577
549.791 0.550684
481.261 0.515791
419.948 0.480899
365.523 0.446006
317.626 0.419703
275.762 0.393401
239.403 0.367098
208.021 0.340796
181.09 0.314493
158.098 0.297718
138.611 0.280943
122.209 0.264168
108.476 0.247393
96.9931 0.230618
87.3734 0.221621
79.3536 0.212623
72.7014 0.203626
67.1842 0.194629
62.5696 0.185632
58.6489 0.181044
55.3079 0.176457
52.4562 0.171869
50.0031 0.167281
47.8582 0.162693
45.9424 0.159957
44.2215 0.157221
42.6728 0.154486
41.2736 0.15175
40.001 0.149014
38.8337 0.147088
37.7551 0.145162
36.7502 0.143236
35.8036 0.14131
34.9004 0.139384
34.0279 0.13773
33.1838 0.136077
32.3684 0.134424
31.582 0.132771
30.825 0.131117
30.0966 0.12962
29.3924 0.128122
28.707 0.126625
28.035 0.125127
27.3708 0.12363
26.7104 0.122141
26.0557 0.120652
25.4098 0.119164
24.7759 0.117675
24.1572 0.116187
23.5557 0.114763
22.97 0.113339
22.3972 0.111915
21.8346 0.110492
21.2796 0.109068
20.7304 0.107671
20.1887 0.106275
19.657 0.104878
19.138 0.103482
18.6342 0.102085
18.1473 0.100771
17.6744 0.0994563
17.2119 0.0981418
16.7561 0.0968273
16.3032 0.0955128
15.851 0.0942012
15.4028 0.0928896
14.9635 0.0915781
14.538 0.0902665
14.131 0.088955
13.7459 0.0878174
13.3809 0.0866799
13.0325 0.0855423
12.6972 0.0844047
12.3717 0.0832672
12.0532 0.082224
11.7421 0.0811808
11.439 0.0801376
11.145 0.0790944
10.861 0.0780512
10.5875 0.077112
10.3241 0.0761728
10.0703 0.0752336
9.82533 0.0742944
9.5886 0.0733552
9.35953 0.0725082
9.13778 0.0716613
8.92312 0.0708143
8.71528 0.0699674
8.51403 0.0691204
8.31914 0.0683558
8.13052 0.0675913
7.94808 0.0668267
7.77178 0.0660621
7.60152 0.0652975
7.43721 0.0646152
7.27853 0.0639329
7.12512 0.0632507
6.97663 0.0625684
6.83269 0.0618861
6.69304 0.0612746
6.55776 0.060663
6.42699 0.0600515
6.30091 0.0594399
6.17966 0.0588284
6.06337 0.0583061
5.95194 0.0577838
5.84525 0.0572615
5.74314 0.0567392
5.64549 0.0562169
5.5521 0.0557766
5.46261 0.0553363
5.37656 0.0548959
5.29352 0.0544556
5.21306 0.0540153
5.13488 0.0536365
5.05921 0.0532577
4.98641 0.0528789
4.91685 0.0525001
4.8509 0.0521214
4.7887 0.0518062
4.72945 0.051491
4.67213 0.0511758
4.61573 0.0508607
4.55922 0.0505455
4.50185 0.0502276
4.44392 0.0499097
4.38601 0.0495918
4.32868 0.049274
4.2725 0.0489561
4.21798 0.0486647
4.16529 0.0483734
4.11456 0.048082
4.06591 0.0477906
4.01944 0.0474993
3.97524 0.0472646
3.93321 0.04703
3.89322 0.0467954
3.85511 0.0465607
3.81876 0.0463261
3.78393 0.0461191
3.75001 0.0459121
3.71628 0.0457051
3.68203 0.0454981
3.64655 0.0452911
3.6093 0.045044
3.57042 0.0447969
3.53025 0.0445498
3.48908 0.0443026
3.44725 0.0440555
3.40514 0.0437996
3.36343 0.0435437
3.32286 0.0432878
3.28419 0.0430319
3.24816 0.042776
3.21528 0.0425861
3.18505 0.0423962
3.15673 0.0422063
3.12959 0.0420164
3.10287 0.0418265
3.076 0.0416467
3.04899 0.0414669
3.02199 0.0412872
2.99518 0.0411074
2.96873 0.0409276
2.94283 0.0407671
2.91789 0.0406067
2.89432 0.0404462
2.87258 0.0402857
2.85308 0.0401252
2.83604 0.0400192
2.82079 0.0399131
2.80642 0.0398071
2.79203 0.0397011
2.77673 0.039595
2.75983 0.0394609
2.74148 0.0393268
2.72204 0.0391926
2.7019 0.0390585
2.68141 0.0389244
2.66094 0.0387892
2.64084 0.038654
2.62147 0.0385188
2.60317 0.0383836
2.58629 0.0382484
2.57102 0.0381474
2.55686 0.0380464
2.54314 0.0379454
2.5292 0.0378444
2.51438 0.0377433
2.49821 0.0376263
2.48099 0.0375092
2.46322 0.0373922
2.44539 0.0372751
2.42801 0.0371581
2.41156 0.0370779
2.39647 0.0369978
2.38317 0.0369177
2.37207 0.0368376
2.3636 0.0367575
2.35791 0.036747
2.35417 0.0367366
2.35127 0.0367261
2.3481 0.0367157
2.34355 0.0367052
2.33683 0.0366654
2.32832 0.0366257
2.31872 0.0365859
2.30872 0.0365461
2.29901 0.0365063
2.29014 0.0364806
2.28212 0.0364548
2.2748 0.036429
2.26805 0.0364033
2.26172 0.0363775
2.2557 0.0363666
2.2499 0.0363557
2.24427 0.0363448
2.23874 0.0363339
2.23326 0.0363229
2.22778 0.0363185
2.22232 0.036314
2.21694 0.0363096
2.21168 0.0363051
2.20658 0.0363007
2.20166 0.0362913
2.19683 0.0362819
2.19195 0.0362726
2.18691 0.0362632
2.18158 0.0362538
2.17606 0.0362711
2.17133 0.0362883
2.16859 0.0363055
2.16903 0.0363227
2.17386 0.03634
2.18368 0.0364619
2.1967 0.0365838
2.21053 0.0367057
2.22279 0.0368276
2.23108 0.0369495
2.2337 0.0369463
2.23175 0.0369431
2.22698 0.0369399
2.22117 0.0369366
2.21608 0.0369334
2.21307 0.036936
2.21179 0.0369385
2.21148 0.036941
2.21139 0.0369435
2.21074 0.036946
2.20899 0.0369345
2.20639 0.0369229
2.2034 0.0369114
2.20049 0.0368998
2.19811 0.0368883
2.19645 0.0368441
2.19461 0.0368
2.1914 0.0367559
2.18565 0.0367117
2.17617 0.0366676
2.16241 0.036548
2.14634 0.0364284
2.13056 0.0363088
2.11765 0.0361892
2.11022 0.0360696
2.10994 0.0360815
2.11476 0.0360935
2.12171 0.0361054
2.12783 0.0361173
2.13015 0.0361293
2.12653 0.0360251
2.11824 0.0359209
2.10736 0.0358167
2.09599 0.0357125
2.08623 0.0356084
2.07967 0.0355541
2.07597 0.0354998
2.07429 0.0354456
2.07379 0.0353913
2.07362 0.0353371
2.07307 0.0352829
2.07187 0.0352288
2.06989 0.0351746
2.06699 0.0351204
2.06303 0.0350663
2.05783 0.0349435
2.05108 0.0348207
2.04244 0.0346979
2.03155 0.0345751
2.01807 0.0344524
2.00198 0.0342753
1.98467 0.0340982
1.96785 0.0339211
1.95323 0.033744
1.94254 0.033567
1.93687 0.0335142
1.93484 0.0334614
1.93446 0.0334087
1.93375 0.0333559
1.93071 0.0333031
1.92392 0.033188
1.91435 0.0330729
1.90351 0.0329578
1.89294 0.0328426
1.88417 0.0327275
1.87829 0.0326724
1.87467 0.0326174
1.87221 0.0325623
1.86985 0.0325073
1.8665 0.0324522
1.86139 0.0323786
1.8549 0.0323051
1.84774 0.0322315
1.84061 0.0321579
1.8342 0.0320844
1.82898 0.0320392
1.82453 0.031994
1.82018 0.0319487
1.81527 0.0319035
1.80914 0.0318583
1.80139 0.0317752
1.79259 0.031692
1.78358 0.0316088
1.7752 0.0315257
1.76829 0.0314425
1.76335 0.0313817
1.75966 0.0313209
1.75616 0.0312601
1.75177 0.0311992
1.74545 0.0311384
1.7365 0.0310265
1.72568 0.0309146
1.71409 0.0308027
1.70285 0.0306908
1.69308 0.0305789
1.68558 0.0305099
1.67995 0.0304408
1.6755 0.0303718
1.6715 0.0303028
1.66725 0.0302338
1.66223 0.0301463
1.6566 0.0300588
1.65073 0.0299713
1.64498 0.0298838
1.63969 0.0297963
1.63507 0.0297249
1.6307 0.0296534
1.62601 0.029582
1.62041 0.0295106
1.61333 0.0294391
1.60441 0.0293271
1.59415 0.0292152
1.58324 0.0291032
1.57238 0.0289913
1.56229 0.0288793
1.55347 0.0287936
1.54557 0.0287079
1.53809 0.0286222
1.53048 0.0285366
1.52222 0.0284509
1.51297 0.0283645
1.5032 0.0282782
1.49357 0.0281919
1.48476 0.0281055
1.47742 0.0280192
1.47201 0.0279986
1.46811 0.027978
1.4651 0.0279575
1.46235 0.0279369
1.45925 0.0279163
1.45539 0.0279067
1.45134 0.0278971
1.44787 0.0278875
1.44577 0.0278779
1.44583 0.0278683
1.44852 0.0279405
1.45298 0.0280127
1.45805 0.0280849
1.46256 0.0281571
1.46535 0.0282293
1.46558 0.0282364
1.4637 0.0282434
1.46048 0.0282505
1.45671 0.0282575
1.45317 0.0282646
1.45047 0.0282946
1.44861 0.0283246
1.44741 0.0283547
1.44672 0.0283847
1.44637 0.0284147
1.44612 0.028429
1.44543 0.0284433
1.44372 0.0284575
1.44039 0.0284718
1.43484 0.028486
1.42671 0.0284165
1.41665 0.0283469
1.40554 0.0282773
1.39426 0.0282077
1.3837 0.0281382
1.37452 0.0281023
1.36656 0.0280665
1.35944 0.0280307
1.35278 0.0279949
1.3462 0.0279591
1.33945 0.0279386
1.33285 0.0279182
1.32685 0.0278977
1.32189 0.0278773
1.31842 0.0278568
1.31662 0.0278519
1.31556 0.0278469
1.31403 0.027842
1.31083 0.0278371
1.30475 0.0278321
1.29509 0.027741
1.28309 0.0276499
1.27053 0.0275588
1.25915 0.0274677
1.25071 0.0273766
1.24644 0.0273899
1.24548 0.0274032
1.24645 0.0274164
1.24795 0.0274297
1.2486 0.027443
1.2474 0.0274295
1.2449 0.027416
1.24203 0.0274025
1.23974 0.0273891
1.23895 0.0273756
1.24026 0.0273929
1.24289 0.0274103
1.24573 0.0274276
1.24766 0.0274449
1.24756 0.0274622
1.24474 0.0274186
1.2402 0.0273749
1.23537 0.0273313
1.23168 0.0272876
1.23057 0.0272439
1.23298 0.0272945
1.238 0.027345
1.24424 0.0273956
1.25031 0.0274462
1.25483 0.0274967
1.25679 0.0274868
1.2567 0.0274768
1.25546 0.0274669
1.25397 0.027457
1.25313 0.027447
1.25358 0.027452
1.25491 0.0274571
1.25647 0.0274621
1.25761 0.0274671
1.25766 0.0274722
1.25616 0.027436
1.25346 0.0273998
1.25009 0.0273636
1.24661 0.0273274
1.24355 0.0272912
1.24127 0.0272603
1.2394 0.0272293
1.23736 0.0271984
1.23459 0.0271674
1.23054 0.0271364
1.22488 0.0270709
1.2183 0.0270054
1.21172 0.0269399
1.20607 0.0268744
1.20228 0.0268089
1.2009 0.0267954
1.20101 0.0267819
1.20131 0.0267684
1.20051 0.0267549
1.19731 0.0267414
1.19088 0.0266475
1.18218 0.0265535
1.17261 0.0264596
1.1636 0.0263656
1.15655 0.0262717
1.1525 0.0262605
1.15093 0.0262493
1.15094 0.0262382
1.15164 0.026227
1.15213 0.0262158
1.15177 0.0262183
1.15104 0.0262208
1.15064 0.0262232
1.15133 0.0262257
1.15382 0.0262281
1.15848 0.0262729
1.16428 0.0263177
1.16979 0.0263625
1.17363 0.0264073
1.17437 0.0264521
1.17112 0.0263867
1.165 0.0263213
1.15766 0.026256
1.15072 0.0261906
1.14581 0.0261252
1.14416 0.026149
1.1453 0.0261728
1.14838 0.0261966
1.15253 0.0262204
1.15687 0.0262442
1.16067 0.0262704
1.16376 0.0262965
1.16608 0.0263227
1.1676 0.0263488
1.16825 0.026375
1.16801 0.0263492
1.16678 0.0263234
1.1645 0.0262976
1.16109 0.0262718
1.15649 0.026246
1.15076 0.0261917
1.14463 0.0261375
1.13899 0.0260833
1.13472 0.026029
1.13269 0.0259748
1.13351 0.0260188
1.13669 0.0260628
1.14144 0.0261068
1.14699 0.0261508
1.15256 0.0261948
1.15743 0.0262118
1.16109 0.0262288
1.16308 0.0262459
1.16294 0.0262629
1.16023 0.0262799
1.15477 0.0262062
1.14756 0.0261325
1.13992 0.0260588
1.13314 0.0259851
1.12851 0.0259114
1.12695 0.025924
1.12781 0.0259366
1.13006 0.0259493
1.13264 0.0259619
1.13453 0.0259745
1.13493 0.0259568
1.13398 0.0259391
1.13207 0.0259215
1.12958 0.0259038
1.12689 0.0258861
1.12433 0.0258583
1.12188 0.0258305
1.11948 0.0258028
1.11706 0.025775
1.11454 0.0257472
1.11188 0.0257179
1.10919 0.0256886
1.10661 0.0256594
1.10428 0.0256301
1.10235 0.0256008
1.10091 0.0255913
1.0999 0.0255819
1.09921 0.0255724
1.09873 0.0255629
1.09834 0.0255534
1.09796 0.0255436
1.09748 0.0255338
1.09682 0.0255241
1.09591 0.0255143
1.09466 0.0255045
1.09308 0.0254953
1.0915 0.0254862
1.09038 0.025477
1.09013 0.0254678
1.0912 0.0254587
1.09383 0.0254937
1.09747 0.0255287
1.10137 0.0255637
1.10481 0.0255987
1.10704 0.0256338
1.1075 0.0256074
1.1063 0.025581
1.10375 0.0255547
1.10014 0.0255283
1.09578 0.025502
1.09099 0.0254558
1.08618 0.0254097
# Group 2
0.985277 0.0200404
0.987929 0.0195209
0.990578 0.0190015
0.993217 0.018482
0.995843 0.0179625
0.998452 0.017443
1.00104 0.0170896
1.00358 0.0167362
1.00608 0.0163828
1.0085 0.0160294
1.01084 0.015676
1.01314 0.0156936
1.01565 0.0157113
1.01871 0.015729
1.02264 0.0157467
1.02775 0.0157644
1.03421 0.0158071
1.04155 0.0158499
1.04917 0.0158927
1.05644 0.0159355
1.06274 0.0159783
1.06764 0.015998
1.07143 0.0160176
1.07459 0.0160373
1.07759 0.016057
1.0809 0.0160767
1.08484 0.016095
1.08908 0.0161134
1.09311 0.0161317
1.09646 0.01615
1.09862 0.0161684
1.09928 0.0161602
1.09892 0.016152
1.09818 0.0161437
1.09771 0.0161355
1.09816 0.0161273
1.09999 0.0161425
1.10292 0.0161577
1.10645 0.0161729
1.11011 0.0161881
1.11341 0.0162032
1.11596 0.0162047
1.11772 0.0162062
1.11872 0.0162076
1.11901 0.0162091
1.11862 0.0162106
1.11764 0.0161948
1.11628 0.016179
1.1148 0.0161632
1.11346 0.0161474
1.11252 0.0161316
1.11221 0.0161376
1.11273 0.0161436
1.11424 0.0161496
1.11692 0.0161556
1.12093 0.0161616
1.12637 0.0162068
1.13294 0.016252
1.14031 0.0162972
1.1481 0.0163424
1.15597 0.0163876
1.16358 0.0164266
1.17072 0.0164655
1.1772 0.0165045
1.18286 0.0165435
1.1875 0.0165824
1.19108 0.0166007
1.19405 0.0166189
1.19697 0.0166372
1.20043 0.0166554
1.20501 0.0166737
1.21107 0.0167157
1.21817 0.0167578
1.22567 0.0167998
1.23292 0.0168418
1.23926 0.0168839
1.24426 0.0169048
1.24821 0.0169258
1.25162 0.0169468
1.25501 0.0169677
1.25887 0.0169887
1.26356 0.0170153
1.26879 0.0170418
1.27409 0.0170683
1.27904 0.0170949
1.28316 0.0171214
1.28618 0.0171315
1.28841 0.0171416
1.29034 0.0171517
1.29245 0.0171618
1.29523 0.0171719
1.29903 0.0171997
1.30373 0.0172274
1.30904 0.0172552
1.31473 0.0172829
1.32051 0.0173107
1.32625 0.0173506
1.3322 0.0173906
1.33873 0.0174305
1.34622 0.0174705
1.35502 0.0175104
1.36537 0.017578
1.37682 0.0176455
1.38879 0.017713
1.40071 0.0177805
1.41198 0.017848
1.42222 0.0179046
1.43182 0.0179611
1.44136 0.0180176
1.45144 0.0180741
1.46262 0.0181307
1.47539 0.0182187
1.48971 0.0183068
1.50542 0.0183949
1.52237 0.018483
1.5404 0.018571
1.55934 0.01868
1.5789 0.0187889
1.59875 0.0188979
1.61858 0.0190069
1.63807 0.0191158
1.65696 0.0192103
1.67516 0.0193048
1.69265 0.0193993
1.70942 0.0194938
1.72544 0.0195883
1.74068 0.0196606
1.75518 0.0197329
1.76894 0.0198052
1.78198 0.0198775
1.79434 0.0199498
1.80598 0.0200003
1.81678 0.0200507
1.82653 0.0201011
1.83506 0.0201515
1.84217 0.0202019
1.84777 0.0202199
1.85207 0.0202379
1.85534 0.0202559
1.85789 0.0202739
1.85999 0.020292
1.86189 0.0202991
1.86362 0.0203063
1.86516 0.0203135
1.86649 0.0203207
1.86759 0.0203278
1.86851 0.0203364
1.86958 0.0203449
1.87121 0.0203534
1.87378 0.0203619
1.87771 0.0203704
1.88325 0.0204084
1.8901 0.0204463
1.89781 0.0204843
1.90592 0.0205222
1.91399 0.0205602
1.92174 0.0206059
1.92961 0.0206517
1.9382 0.0206975
1.94811 0.0207433
1.95996 0.0207891
1.97411 0.0208705
1.99002 0.0209519
2.00691 0.0210334
2.02401 0.0211148
2.04055 0.0211962
2.05596 0.0212701
2.07061 0.0213441
2.0851 0.021418
2.10002 0.0214919
2.11596 0.0215658
2.13334 0.0216575
2.1519 0.0217491
2.1712 0.0218408
2.1908 0.0219325
2.21027 0.0220241
2.22933 0.0221177
2.24834 0.0222113
2.26781 0.0223049
2.28826 0.0223985
2.31021 0.0224921
2.334 0.0226122
2.35931 0.0227322
2.38567 0.0228523
2.4126 0.0229723
2.43961 0.0230924
2.46634 0.0232129
2.49292 0.0233334
2.51958 0.0234539
2.54657 0.0235744
2.57412 0.0236949
2.60247 0.0238293
2.63177 0.0239637
2.66215 0.024098
2.69375 0.0242324
2.72673 0.0243668
2.76112 0.0245208
2.79668 0.0246749
2.83307 0.0248289
2.86994 0.0249829
2.90696 0.025137
2.94389 0.0252936
2.98093 0.0254502
3.01837 0.0256068
3.05652 0.0257634
3.09567 0.02592
3.13603 0.0260876
3.17738 0.0262551
3.21942 0.0264227
3.26182 0.0265903
3.30429 0.0267579
3.34665 0.0269289
3.38931 0.0270999
3.43282 0.0272709
3.47774 0.0274419
3.52461 0.0276129
3.57382 0.027809
3.6251 0.0280051
3.67799 0.0282011
3.73205 0.0283972
3.78683 0.0285933
3.842 0.0287959
3.89762 0.0289985
3.95387 0.0292012
4.01093 0.0294038
4.06896 0.0296064
4.12811 0.0298179
4.18838 0.0300294
4.24971 0.0302409
4.31206 0.0304524
4.37539 0.0306639
4.43981 0.0308975
4.50608 0.031131
4.57513 0.0313645
4.64786 0.0315981
4.7252 0.0318316
4.80779 0.0321228
4.89511 0.032414
4.98639 0.0327051
5.08083 0.0329963
5.17765 0.0332875
5.27628 0.0336055
5.377 0.0339236
5.48031 0.0342416
5.58669 0.0345597
5.69664 0.0348777
5.81052 0.0352303
5.92811 0.0355829
6.04906 0.0359355
6.17299 0.0362881
6.29955 0.0366407
6.42866 0.0370251
6.56132 0.0374096
6.6988 0.037794
6.8424 0.0381785
6.99337 0.0385629
7.15258 0.0390124
7.31914 0.0394619
7.49172 0.0399114
7.66902 0.040361
7.84972 0.0408105
8.03293 0.0412882
8.21951 0.0417658
8.41073 0.0422435
8.60788 0.0427212
8.81223 0.0431988
9.02466 0.0437257
9.24436 0.0442527
9.47014 0.0447796
9.70079 0.0453065
9.9351 0.0458335
10.1724 0.0463881
10.4143 0.0469426
10.663 0.0474972
10.9204 0.0480518
11.1888 0.0486064
11.4697 0.0492349
11.7621 0.0498634
12.0644 0.0504919
12.3749 0.0511203
12.692 0.0517488
13.0147 0.0524181
13.3442 0.0530874
13.6822 0.0537568
14.0307 0.0544261
14.3913 0.0550954
14.7652 0.0558297
15.1519 0.0565641
15.5499 0.0572984
15.9581 0.0580327
16.3752 0.0587671
16.8005 0.0595528
17.2362 0.0603385
17.6849 0.0611242
18.1493 0.0619099
18.6323 0.0626956
19.1356 0.0635766
19.6585 0.0644575
20.1992 0.0653384
20.756 0.0662194
21.3273 0.0671003
21.9123 0.068061
22.5143 0.0690216
23.1377 0.0699823
23.7866 0.070943
24.4654 0.0719036
25.1776 0.0730195
25.9242 0.0741353
26.7053 0.0752511
27.5212 0.0763669
28.3719 0.0774828
29.2589 0.0787874
30.1877 0.080092
31.1653 0.0813966
32.1983 0.0827013
33.2935 0.0840059
34.4573 0.0856152
35.6948 0.0872244
37.0105 0.0888337
38.4092 0.090443
39.8953 0.0920523
41.4749 0.0940611
43.1589 0.09607
44.9594 0.0980789
46.8887 0.100088
48.9591 0.102097
51.1846 0.104708
53.5879 0.107319
56.1932 0.10993
59.0251 0.112541
62.1079 0.115153
65.4689 0.118703
69.1458 0.122254
73.1792 0.125804
77.6095 0.129355
82.4774 0.132905
87.83 0.137851
93.741 0.142796
100.291 0.147742
107.56 0.152687
115.629 0.157633
124.587 0.164607
134.555 0.171581
145.663 0.178555
158.042 0.185529
171.82 0.192503
187.135 0.202086
204.145 0.211669
223.012 0.221251
243.903 0.230834
266.979 0.240417
292.411 0.252868
320.389 0.265319
351.109 0.27777
384.764 0.290221
421.552 0.302672
461.661 0.317932
505.253 0.333193
552.487 0.348453
603.517 0.363713
658.503 0.378974
717.585 0.396574
780.848 0.414174
848.363 0.431774
920.2 0.449374
996.428 0.466974
1077.09 0.48615
1162.15 0.505326
1251.52 0.524502
1345.12 0.543678
1442.89 0.562854
1544.72 0.582641
1650.41 0.602429
1759.73 0.622216
1872.46 0.642004
1988.38 0.661791
2107.21 0.68113
2228.57 0.700469
2352.05 0.719808
2477.23 0.739146
2603.68 0.758485
2730.94 0.776139
2858.38 0.793793
2985.31 0.811447
3111.07 0.829101
3234.97 0.846755
3356.33 0.861286
3474.46 0.875817
3588.67 0.890348
3698.27 0.904878
3802.57 0.919409
3900.88 0.929528
3992.51 0.939647
4076.78 0.949766
4152.99 0.959885
4220.47 0.970004
4278.55 0.974538
4326.77 0.979071
4364.67 0.983605
4391.81 0.988139
4407.76 0.992673
4412.12 0.990745
4404.73 0.988818
4385.47 0.986891
4354.22 0.984963
4310.88 0.983036
4255.45 0.974251
4188.42 0.965467
4110.39 0.956682
4021.98 0.947897
3923.79 0.939113
3816.47 0.924102
3700.85 0.909092
3577.81 0.894082
3448.21 0.879072
3312.92 0.864062
3172.86 0.844093
3028.98 0.824123
2882.3 0.804154
2733.82 0.784185
2584.54 0.764215
2435.43 0.741107
2287.32 0.717998
2141 0.694889
1997.26 0.67178
1856.91 0.648671
1720.66 0.624561
1589.09 0.600452
1462.67 0.576343
1341.91 0.552233
1227.31 0.528124
1119.26 0.505364
1017.84 0.482603
923.019 0.459843
834.788 0.437083
753.123 0.414323
677.959 0.394685
609.056 0.375048
546.133 0.355411
488.907 0.335773
437.095 0.316136
390.402 0.300612
348.489 0.285089
311.006 0.269566
277.603 0.254042
247.929 0.238519
221.643 0.227303
198.443 0.216088
178.035 0.204872
160.127 0.193657
144.425 0.182441
130.657 0.175012
118.623 0.167582
108.144 0.160153
99.0421 0.152723
91.1376 0.145294
84.2633 0.140795
78.2988 0.136295
73.1358 0.131796
68.6657 0.127297
64.78 0.122798
61.3793 0.120168
58.4001 0.117538
55.7878 0.114908
53.488 0.112278
51.4462 0.109648
49.6127 0.10798
47.957 0.106312
46.4537 0.104644
45.0773 0.102976
43.802 0.101307
42.6054 0.100038
41.4773 0.0987688
40.4101 0.0974996
39.3968 0.0962303
38.4298 0.094961
37.5023 0.0938554
36.608 0.0927498
35.7413 0.0916441
34.8961 0.0905385
34.0666 0.0894328
33.2482 0.0883551
32.44 0.0872773
31.6425 0.0861995
30.856 0.0851217
30.081 0.0840439
29.318 0.0829848
28.5682 0.0819257
27.8333 0.0808666
27.1147 0.0798076
26.4139 0.0787485
25.7318 0.0777424
25.0668 0.0767364
24.4164 0.0757303
23.7784 0.0747243
23.1506 0.0737183
22.531 0.0727288
21.9202 0.0717394
21.3188 0.07075
20.7279 0.0697606
20.1482 0.0687711
19.5806 0.0678177
19.0262 0.0668643
18.486 0.0659108
17.961 0.0649574
17.4523 0.064004
16.9609 0.0631413
16.4875 0.0622787
16.0328 0.061416
15.5974 0.0605534
15.182 0.0596908
14.7867 0.0589441
14.4087 0.0581974
14.0448 0.0574507
13.6917 0.056704
13.3461 0.0559573
13.0058 0.0552644
12.6731 0.0545715
12.3511 0.0538785
12.0434 0.0531856
11.7532 0.0524927
11.4829 0.0519457
11.2315 0.0513988
10.9972 0.0508519
10.778 0.0503049
10.572 0.049758
10.3776 0.0493354
10.1938 0.0489128
10.0201 0.0484901
9.85589 0.0480675
9.7005 0.0476449
9.55332 0.0473095
9.41371 0.0469741
9.28102 0.0466387
9.1546 0.0463033
9.03382 0.0459679
8.91828 0.0457042
8.80866 0.0454404
8.70592 0.0451766
8.61101 0.0449129
8.52485 0.0446491
8.44784 0.0444717
8.37803 0.0442943
8.31291 0.0441169
8.24997 0.0439396
8.18671 0.0437622
8.12129 0.0435897
8.05454 0.0434173
7.98799 0.0432448
7.92314 0.0430724
7.86152 0.0428999
7.80424 0.042763
7.75082 0.0426261
7.70038 0.0424892
7.65203 0.0423523
7.60489 0.0422154
7.55815 0.0420857
7.5112 0.041956
7.46351 0.0418263
7.41454 0.0416965
7.36375 0.0415668
7.3107 0.041408
7.25532 0.0412491
7.19763 0.0410903
7.13764 0.0409314
7.07539 0.0407726
7.01103 0.0405885
6.94538 0.0404045
6.87936 0.0402204
6.81393 0.0400364
6.75002 0.0398523
6.68841 0.0396875
6.62915 0.0395226
6.57211 0.0393578
6.51717 0.0391929
6.46421 0.0390281
6.41291 0.0388738
6.36224 0.0387195
6.31097 0.0385652
6.25787 0.0384108
6.20171 0.0382565
6.14181 0.0380727
6.0797 0.0378889
6.01746 0.0377052
5.95715 0.0375214
5.90085 0.0373376
5.85 0.0371952
5.80346 0.0370528
5.75948 0.0369104
5.71628 0.0367681
5.6721 0.0366257
5.6256 0.0364703
5.57714 0.036315
5.52752 0.0361596
5.47753 0.0360043
5.42797 0.0358489
5.37945 0.0356952
5.33189 0.0355415
5.28501 0.0353878
5.23855 0.0352341
5.19225 0.0350804
5.14596 0.0349327
5.10007 0.0347851
5.05506 0.0346374
5.01143 0.0344898
4.9697 0.0343421
4.93013 0.0342156
4.89216 0.0340891
4.85499 0.0339625
4.81782 0.033836
4.77985 0.0337095
4.74067 0.0335857
4.70131 0.0334619
4.66319 0.0333382
4.62771 0.0332144
4.5963 0.0330906
4.56977 0.0330121
4.54667 0.0329335
4.52495 0.032855
4.50256 0.0327765
4.47746 0.032698
4.44815 0.0325833
4.41521 0.0324686
4.37979 0.0323539
4.34303 0.0322392
4.30605 0.0321245
4.26979 0.0320097
4.23439 0.031895
4.19979 0.0317802
4.16591 0.0316655
4.1327 0.0315507
4.10016 0.0314547
4.06853 0.0313586
4.03814 0.0312626
4.00931 0.0311666
3.98235 0.0310706
3.9574 0.0310024
3.93384 0.0309343
3.91086 0.0308662
3.88767 0.0307981
3.86345 0.0307299
3.83765 0.0306491
3.81064 0.0305682
3.78306 0.0304873
3.75552 0.0304065
3.72864 0.0303256
3.70301 0.0302646
3.67898 0.0302035
3.6569 0.0301425
3.63708 0.0300815
3.61986 0.0300204
3.60537 0.0299977
3.5931 0.0299749
3.58233 0.0299522
3.57235 0.0299294
3.56247 0.0299067
3.55205 0.0298789
3.54087 0.0298511
3.52878 0.0298234
3.51562 0.0297956
3.50125 0.0297679
3.4856 0.0297153
3.46895 0.0296627
3.45165 0.0296101
3.43406 0.0295575
3.41654 0.0295049
3.39942 0.0294565
3.38297 0.0294081
3.36743 0.0293598
3.35304 0.0293114
3.34004 0.029263
3.32844 0.0292172
3.31726 0.0291715
3.30527 0.0291257
3.29126 0.0290799
3.274 0.0290341
3.25272 0.0289384
3.22843 0.0288427
3.20258 0.028747
3.17662 0.0286514
3.15201 0.0285557
3.12982 0.0284729
3.10965 0.0283901
3.0907 0.0283073
3.0722 0.0282245
3.05337 0.0281417
3.03362 0.028052
3.01321 0.0279624
2.99262 0.0278727
2.97231 0.0277831
2.95273 0.0276935
2.93424 0.0276049
2.91661 0.0275164
2.89953 0.0274278
2.88265 0.0273393
2.86564 0.0272508
2.84827 0.0271565
2.8308 0.0270622
2.81359 0.026968
2.797 0.0268737
2.7814 0.0267794
2.76701 0.0266889
2.75353 0.0265985
2.74054 0.026508
2.72759 0.0264175
2.71426 0.026327
2.70028 0.0262334
2.68604 0.0261398
2.67212 0.0260463
2.65907 0.0259527
2.64746 0.0258591
2.63763 0.0257856
2.62904 0.025712
2.62091 0.0256384
2.61247 0.0255649
2.60295 0.0254913
2.59183 0.0254006
2.57956 0.0253099
2.56686 0.0252191
2.55443 0.0251284
2.54298 0.0250377
2.533 0.0249648
2.52415 0.0248918
2.51585 0.0248189
2.50756 0.024746
2.4987 0.0246731
2.48888 0.0245995
2.47831 0.0245258
2.4674 0.0244522
2.45651 0.0243786
2.44605 0.0243049
2.43623 0.0242323
2.42665 0.0241597
2.41675 0.0240871
2.40596 0.0240144
2.39371 0.0239418
2.37968 0.023843
2.3644 0.0237442
2.34865 0.0236454
2.33321 0.0235466
2.31886 0.0234478
2.30617 0.0233716
2.29493 0.0232953
2.28471 0.023219
2.27512 0.0231428
2.26572 0.0230665
2.25621 0.0229995
2.24669 0.0229326
2.23738 0.0228656
2.22847 0.0227987
2.22019 0.0227317
2.21259 0.0226671
2.20526 0.0226024
2.19761 0.0225377
2.18909 0.0224731
2.17911 0.0224084
2.16737 0.0223166
2.1545 0.0222248
2.14141 0.0221331
2.12899 0.0220413
2.11813 0.0219495
2.10949 0.021897
2.10267 0.0218444
2.09704 0.0217919
2.09195 0.0217394
2.08677 0.0216869
2.08095 0.0216306
2.07427 0.0215743
2.0666 0.021518
2.05782 0.0214617
2.04779 0.0214054
2.03648 0.0213279
2.02419 0.0212503
2.01132 0.0211727
1.99826 0.0210952
1.9854 0.0210176
1.97312 0.0209578
1.96175 0.020898
1.95161 0.0208382
1.94301 0.0207784
1.93628 0.0207186
1.93156 0.0207074
1.92828 0.0206961
1.92572 0.0206849
1.92315 0.0206737
1.91984 0.0206625
1.91523 0.0206354
1.90944 0.0206082
1.90279 0.0205811
1.89557 0.020554
1.88809 0.0205269
1.88062 0.0205077
1.87337 0.0204884
1.8665 0.0204692
1.86017 0.0204499
1.85456 0.0204307
1.84978 0.0204257
1.8457 0.0204207
1.84212 0.0204158
1.83885 0.0204108
1.83571 0.0204058
1.83248 0.020407
1.82892 0.0204081
1.82474 0.0204093
1.81967 0.0204105
1.81344 0.0204116
1.8059 0.0203862
1.79743 0.0203608
1.78853 0.0203353
1.77968 0.0203099
1.77141 0.0202845
1.76408 0.0202754
1.75759 0.0202662
1.75173 0.0202571
1.74627 0.0202479
1.741 0.0202388
1.73574 0.0202348
1.73047 0.0202308
1.72522 0.0202268
1.72001 0.0202229
1.71487 0.0202189
1.70983 0.0202215
1.7049 0.0202241
1.70009 0.0202267
1.69543 0.0202293
1.69093 0.0202319
1.68659 0.0202294
1.68236 0.0202269
1.67819 0.0202244
1.674 0.0202219
1.66974 0.0202194
1.66534 0.0202127
1.66067 0.0202061
1.65559 0.0201994
1.64997 0.0201927
1.64368 0.0201861
1.63667 0.0201621
1.62935 0.0201381
1.62223 0.020114
1.6158 0.02009
1.61058 0.020066
1.60692 0.0200674
1.60461 0.0200687
1.60327 0.0200701
1.60255 0.0200715
1.60207 0.0200728
1.60154 0.0200746
1.60095 0.0200764
1.60036 0.0200782
1.59981 0.0200799
1.59936 0.0200817
1.59906 0.0200844
1.59897 0.0200871
1.59915 0.0200898
1.59964 0.0200924
1.6005 0.0200951
1.60172 0.0200983
1.60303 0.0201015
1.60412 0.0201047
1.60467 0.0201079
1.60433 0.0201111
1.60296 0.0201003
1.60099 0.0200895
1.59905 0.0200787
1.59774 0.0200679
1.59767 0.0200571
1.59925 0.0200716
1.60207 0.0200861
1.60554 0.0201006
1.60904 0.0201151
1.61198 0.0201296
1.61382 0.02012
1.61437 0.0201105
1.6135 0.0201009
1.6111 0.0200913
1.60705 0.0200818
1.60132 0.020033
1.59428 0.0199843
1.58641 0.0199355
1.57816 0.0198867
1.57002 0.019838
1.5624 0.0198013
1.5556 0.0197647
1.54989 0.019728
1.54551 0.0196913
1.54273 0.0196547
1.54159 0.0196426
1.54127 0.0196304
1.54074 0.0196183
1.53896 0.0196062
1.53492 0.019594
1.52792 0.019534
1.51877 0.019474
1.5086 0.019414
1.49857 0.0193539
1.48982 0.0192939
1.48326 0.019273
1.4788 0.0192522
1.47611 0.0192313
1.47486 0.0192104
1.47472 0.0191896
1.47542 0.019203
1.4769 0.0192164
1.47914 0.0192297
1.48214 0.0192431
1.48589 0.0192565
1.4903 0.0192807
1.49495 0.0193049
1.49934 0.0193291
1.50297 0.0193533
1.50535 0.0193774
1.50611 0.0193699
1.50553 0.0193624
1.504 0.0193549
1.50194 0.0193474
1.49976 0.0193399
1.49779 0.0193289
1.49605 0.019318
1.49447 0.0193071
1.49299 0.0192961
1.49156 0.0192852
1.49009 0.0192721
1.48847 0.019259
1.48656 0.019246
1.48423 0.0192329
1.48134 0.0192198
1.47779 0.0191895
1.47362 0.0191593
1.46892 0.019129
1.46377 0.0190987
1.45823 0.0190684
1.45242 0.0190301
1.44647 0.0189918
1.44056 0.0189535
1.43487 0.0189153
1.42957 0.018877
1.42484 0.0188606
1.42096 0.0188442
1.41825 0.0188278
1.41701 0.0188113
1.41754 0.0187949
1.41992 0.0188119
1.42339 0.018829
1.42696 0.018846
1.42966 0.018863
1.43049 0.01888
1.42883 0.0188613
1.42548 0.0188427
1.42159 0.0188241
1.41832 0.0188055
1.41684 0.0187868
1.41794 0.0188084
1.42106 0.01883
1.42528 0.0188516
1.42968 0.0188731
1.43334 0.0188947
1.43555 0.0188967
1.43646 0.0188987
1.43643 0.0189007
1.4358 0.0189027
1.43495 0.0189047
1.43415 0.0188996
1.43341 0.0188946
1.43268 0.0188895
1.43189 0.0188844
1.43099 0.0188793
1.42993 0.0188708
1.42873 0.0188623
1.42743 0.0188537
1.42606 0.0188452
1.42465 0.0188367
1.42324 0.0188271
1.42183 0.0188175
1.42041 0.0188079
1.41899 0.0187984
1.41757 0.0187888
1.41613 0.0187777
1.41465 0.0187666
1.41311 0.0187555
1.41147 0.0187444
1.4097 0.0187333
1.40788 0.0187327
1.40641 0.0187321
1.40583 0.0187315
1.40664 0.0187309
1.40938 0.0187303
1.41425 0.0187611
1.42031 0.0187919
1.4263 0.0188226
1.43097 0.0188534
1.43307 0.0188842
1.43175 0.0188535
1.42771 0.0188229
1.42204 0.0187922
1.41585 0.0187615
1.41024 0.0187308
1.40606 0.0187149
1.40319 0.018699
