# Number of Energy transfer values
998
# Number of q values
3
# Energy transfer (micro eV) values
-1987.5
-1982.5
-1977.5
-1972.5
-1967.5
-1962.5
-1957.5
-1952.5
-1947.5
-1942.5
-1937.5
-1932.5
-1927.5
-1922.5
-1917.5
-1912.5
-1907.5
-1902.5
-1897.5
-1892.5
-1887.5
-1882.5
-1877.5
-1872.5
-1867.5
-1862.5
-1857.5
-1852.5
-1847.5
-1842.5
-1837.5
-1832.5
-1827.5
-1822.5
-1817.5
-1812.5
-1807.5
-1802.5
-1797.5
-1792.5
-1787.5
-1782.5
-1777.5
-1772.5
-1767.5
-1762.5
-1757.5
-1752.5
-1747.5
-1742.5
-1737.5
-1732.5
-1727.5
-1722.5
-1717.5
-1712.5
-1707.5
-1702.5
-1697.5
-1692.5
-1687.5
-1682.5
-1677.5
-1672.5
-1667.5
-1662.5
-1657.5
-1652.5
-1647.5
-1642.5
-1637.5
-1632.5
-1627.5
-1622.5
-1617.5
-1612.5
-1607.5
-1602.5
-1597.5
-1592.5
-1587.5
-1582.5
-1577.5
-1572.5
-1567.5
-1562.5
-1557.5
-1552.5
-1547.5
-1542.5
-1537.5
-1532.5
-1527.5
-1522.5
-1517.5
-1512.5
-1507.5
-1502.5
-1497.5
-1492.5
-1487.5
-1482.5
-1477.5
-1472.5
-1467.5
-1462.5
-1457.5
-1452.5
-1447.5
-1442.5
-1437.5
-1432.5
-1427.5
-1422.5
-1417.5
-1412.5
-1407.5
-1402.5
-1397.5
-1392.5
-1387.5
-1382.5
-1377.5
-1372.5
-1367.5
-1362.5
-1357.5
-1352.5
-1347.5
-1342.5
-1337.5
-1332.5
-1327.5
-1322.5
-1317.5
-1312.5
-1307.5
-1302.5
-1297.5
-1292.5
-1287.5
-1282.5
-1277.5
-1272.5
-1267.5
-1262.5
-1257.5
-1252.5
-1247.5
-1242.5
-1237.5
-1232.5
-1227.5
-1222.5
-1217.5
-1212.5
-1207.5
-1202.5
-1197.5
-1192.5
-1187.5
-1182.5
-1177.5
-1172.5
-1167.5
-1162.5
-1157.5
-1152.5
-1147.5
-1142.5
-1137.5
-1132.5
-1127.5
-1122.5
-1117.5
-1112.5
-1107.5
-1102.5
-1097.5
-1092.5
-1087.5
-1082.5
-1077.5
-1072.5
-1067.5
-1062.5
-1057.5
-1052.5
-1047.5
-1042.5
-1037.5
-1032.5
-1027.5
-1022.5
-1017.5
-1012.5
-1007.5
-1002.5
-997.5
-992.5
-987.5
-982.5
-977.5
-972.5
-967.5
-962.5
-957.5
-952.5
-947.5
-942.5
-937.5
-932.5
-927.5
-922.5
-917.5
-912.5
-907.5
-902.5
-897.5
-892.5
-887.5
-882.5
-877.5
-872.5
-867.5
-862.5
-857.5
-852.5
-847.5
-842.5
-837.5
-832.5
-827.5
-822.5
-817.5
-812.5
-807.5
-802.5
-797.5
-792.5
-787.5
-782.5
-777.5
-772.5
-767.5
-762.5
-757.5
-752.5
-747.5
-742.5
-737.5
-732.5
-727.5
-722.5
-717.5
-712.5
-707.5
-702.5
-697.5
-692.5
-687.5
-682.5
-677.5
-672.5
-667.5
-662.5
-657.5
-652.5
-647.5
-642.5
-637.5
-632.5
-627.5
-622.5
-617.5
-612.5
-607.5
-602.5
-597.5
-592.5
-587.5
-582.5
-577.5
-572.5
-567.5
-562.5
-557.5
-552.5
-547.5
-542.5
-537.5
-532.5
-527.5
-522.5
-517.5
-512.5
-507.5
-502.5
-497.5
-492.5
-487.5
-482.5
-477.5
-472.5
-467.5
-462.5
-457.5
-452.5
-447.5
-442.5
-437.5
-432.5
-427.5
-422.5
-417.5
-412.5
-407.5
-402.5
-397.5
-392.5
-387.5
-382.5
-377.5
-372.5
-367.5
-362.5
-357.5
-352.5
-347.5
-342.5
-337.5
-332.5
-327.5
-322.5
-317.5
-312.5
-307.5
-302.5
-297.5
-292.5
-287.5
-282.5
-277.5
-272.5
-267.5
-262.5
-257.5
-252.5
-247.5
-242.5
-237.5
-232.5
-227.5
-222.5
-217.5
-212.5
-207.5
-202.5
-197.5
-192.5
-187.5
-182.5
-177.5
-172.5
-167.5
-162.5
-157.5
-152.5
-147.5
-142.5
-137.5
-132.5
-127.5
-122.5
-117.5
-112.5
-107.5
-102.5
-97.5
-92.5
-87.5
-82.5
-77.5
-72.5
-67.5
-62.5
-57.5
-52.5
-47.5
-42.5
-37.5
-32.5
-27.5
-22.5
-17.5
-12.5
-7.5
-2.5
2.5
7.5
12.5
17.5
22.5
27.5
32.5
37.5
42.5
47.5
52.5
57.5
62.5
67.5
72.5
77.5
82.5
87.5
92.5
97.5
102.5
107.5
112.5
117.5
122.5
127.5
132.5
137.5
142.5
147.5
152.5
157.5
162.5
167.5
172.5
177.5
182.5
187.5
192.5
197.5
202.5
207.5
212.5
217.5
222.5
227.5
232.5
237.5
242.5
247.5
252.5
257.5
262.5
267.5
272.5
277.5
282.5
287.5
292.5
297.5
302.5
307.5
312.5
317.5
322.5
327.5
332.5
337.5
342.5
347.5
352.5
357.5
362.5
367.5
372.5
377.5
382.5
387.5
392.5
397.5
402.5
407.5
412.5
417.5
422.5
427.5
432.5
437.5
442.5
447.5
452.5
457.5
462.5
467.5
472.5
477.5
482.5
487.5
492.5
497.5
502.5
507.5
512.5
517.5
522.5
527.5
532.5
537.5
542.5
547.5
552.5
557.5
562.5
567.5
572.5
577.5
582.5
587.5
592.5
597.5
602.5
607.5
612.5
617.5
622.5
627.5
632.5
637.5
642.5
647.5
652.5
657.5
662.5
667.5
672.5
677.5
682.5
687.5
692.5
697.5
702.5
707.5
712.5
717.5
722.5
727.5
732.5
737.5
742.5
747.5
752.5
757.5
762.5
767.5
772.5
777.5
782.5
787.5
792.5
797.5
802.5
807.5
812.5
817.5
822.5
827.5
832.5
837.5
842.5
847.5
852.5
857.5
862.5
867.5
872.5
877.5
882.5
887.5
892.5
897.5
902.5
907.5
912.5
917.5
922.5
927.5
932.5
937.5
942.5
947.5
952.5
957.5
962.5
967.5
972.5
977.5
982.5
987.5
992.5
997.5
1002.5
1007.5
1012.5
1017.5
1022.5
1027.5
1032.5
1037.5
1042.5
1047.5
1052.5
1057.5
1062.5
1067.5
1072.5
1077.5
1082.5
1087.5
1092.5
1097.5
1102.5
1107.5
1112.5
1117.5
1122.5
1127.5
1132.5
1137.5
1142.5
1147.5
1152.5
1157.5
1162.5
1167.5
1172.5
1177.5
1182.5
1187.5
1192.5
1197.5
1202.5
1207.5
1212.5
1217.5
1222.5
1227.5
1232.5
1237.5
1242.5
1247.5
1252.5
1257.5
1262.5
1267.5
1272.5
1277.5
1282.5
1287.5
1292.5
1297.5
1302.5
1307.5
1312.5
1317.5
1322.5
1327.5
1332.5
1337.5
1342.5
1347.5
1352.5
1357.5
1362.5
1367.5
1372.5
1377.5
1382.5
1387.5
1392.5
1397.5
1402.5
1407.5
1412.5
1417.5
1422.5
1427.5
1432.5
1437.5
1442.5
1447.5
1452.5
1457.5
1462.5
1467.5
1472.5
1477.5
1482.5
1487.5
1492.5
1497.5
1502.5
1507.5
1512.5
1517.5
1522.5
1527.5
1532.5
1537.5
1542.5
1547.5
1552.5
1557.5
1562.5
1567.5
1572.5
1577.5
1582.5
1587.5
1592.5
1597.5
1602.5
1607.5
1612.5
1617.5
1622.5
1627.5
1632.5
1637.5
1642.5
1647.5
1652.5
1657.5
1662.5
1667.5
1672.5
1677.5
1682.5
1687.5
1692.5
1697.5
1702.5
1707.5
1712.5
1717.5
1722.5
1727.5
1732.5
1737.5
1742.5
1747.5
1752.5
1757.5
1762.5
1767.5
1772.5
1777.5
1782.5
1787.5
1792.5
1797.5
1802.5
1807.5
1812.5
1817.5
1822.5
1827.5
1832.5
1837.5
1842.5
1847.5
1852.5
1857.5
1862.5
1867.5
1872.5
1877.5
1882.5
1887.5
1892.5
1897.5
1902.5
1907.5
1912.5
1917.5
1922.5
1927.5
1932.5
1937.5
1942.5
1947.5
1952.5
1957.5
1962.5
1967.5
1972.5
1977.5
1982.5
1987.5
1992.5
1997.5
2002.5
2007.5
2012.5
2017.5
2022.5
2027.5
2032.5
2037.5
2042.5
2047.5
2052.5
2057.5
2062.5
2067.5
2072.5
2077.5
2082.5
2087.5
2092.5
2097.5
2102.5
2107.5
2112.5
2117.5
2122.5
2127.5
2132.5
2137.5
2142.5
2147.5
2152.5
2157.5
2162.5
2167.5
2172.5
2177.5
2182.5
2187.5
2192.5
2197.5
2202.5
2207.5
2212.5
2217.5
2222.5
2227.5
2232.5
2237.5
2242.5
2247.5
2252.5
2257.5
2262.5
2267.5
2272.5
2277.5
2282.5
2287.5
2292.5
2297.5
2302.5
2307.5
2312.5
2317.5
2322.5
2327.5
2332.5
2337.5
2342.5
2347.5
2352.5
2357.5
2362.5
2367.5
2372.5
2377.5
2382.5
2387.5
2392.5
2397.5
2402.5
2407.5
2412.5
2417.5
2422.5
2427.5
2432.5
2437.5
2442.5
2447.5
2452.5
2457.5
2462.5
2467.5
2472.5
2477.5
2482.5
2487.5
2492.5
2497.5
2502.5
2507.5
2512.5
2517.5
2522.5
2527.5
2532.5
2537.5
2542.5
2547.5
2552.5
2557.5
2562.5
2567.5
2572.5
2577.5
2582.5
2587.5
2592.5
2597.5
2602.5
2607.5
2612.5
2617.5
2622.5
2627.5
2632.5
2637.5
2642.5
2647.5
2652.5
2657.5
2662.5
2667.5
2672.5
2677.5
2682.5
2687.5
2692.5
2697.5
2702.5
2707.5
2712.5
2717.5
2722.5
2727.5
2732.5
2737.5
2742.5
2747.5
2752.5
2757.5
2762.5
2767.5
2772.5
2777.5
2782.5
2787.5
2792.5
2797.5
2802.5
2807.5
2812.5
2817.5
2822.5
2827.5
2832.5
2837.5
2842.5
2847.5
2852.5
2857.5
2862.5
2867.5
2872.5
2877.5
2882.5
2887.5
2892.5
2897.5
2902.5
2907.5
2912.5
2917.5
2922.5
2927.5
2932.5
2937.5
2942.5
2947.5
2952.5
2957.5
2962.5
2967.5
2972.5
2977.5
2982.5
2987.5
2992.5
2997.5
# q (1/Angstroms) values
0.52531
0.72917
0.9234
# Group 0
0.756135 0.0231124
0.767459 0.0226221
0.778527 0.0221319
0.789082 0.0216416
0.798871 0.0211514
0.807635 0.0206611
0.815232 0.0202986
0.821961 0.0199361
0.828233 0.0195735
0.834461 0.019211
0.841055 0.0188485
0.848289 0.018921
0.855884 0.0189935
0.863424 0.019066
0.870491 0.0191384
0.876668 0.0192109
0.881705 0.0192563
0.886014 0.0193017
0.890171 0.0193471
0.894756 0.0193925
0.900347 0.0194379
0.907252 0.0194904
0.914704 0.0195429
0.921668 0.0195955
0.927109 0.019648
0.92999 0.0197005
0.92964 0.0196597
0.926849 0.0196188
0.922769 0.019578
0.918553 0.0195372
0.915354 0.0194963
0.914049 0.0194947
0.914414 0.019493
0.915946 0.0194914
0.918144 0.0194898
0.920507 0.0194881
0.922631 0.0194973
0.924511 0.0195065
0.926236 0.0195157
0.9279 0.0195248
0.929593 0.019534
0.931349 0.0195332
0.932966 0.0195324
0.934184 0.0195315
0.934745 0.0195307
0.934387 0.0195299
0.933015 0.0195153
0.931187 0.0195008
0.929625 0.0194862
0.929051 0.0194717
0.930186 0.0194571
0.933486 0.0194966
0.938331 0.019536
0.943837 0.0195755
0.949118 0.019615
0.953289 0.0196545
0.95569 0.0196495
0.956563 0.0196445
0.956374 0.0196395
0.955591 0.0196345
0.954681 0.0196295
0.954092 0.0196388
0.954204 0.0196482
0.955374 0.0196575
0.957964 0.0196669
0.962332 0.0196762
0.968676 0.0197516
0.976538 0.0198269
0.985296 0.0199023
0.99433 0.0199777
1.00302 0.020053
1.01086 0.0201085
1.01784 0.020164
1.02408 0.0202195
1.02968 0.020275
1.03474 0.0203305
1.03938 0.0203649
1.0437 0.0203994
1.04777 0.0204339
1.0517 0.0204683
1.05558 0.0205028
1.05951 0.0205423
1.06366 0.0205819
1.06818 0.0206214
1.07326 0.020661
1.07907 0.0207005
1.08569 0.0207585
1.09284 0.0208164
1.10018 0.0208744
1.10735 0.0209323
1.11398 0.0209903
1.11986 0.0210407
1.12538 0.021091
1.13103 0.0211414
1.13735 0.0211918
1.14485 0.0212422
1.15389 0.0213348
1.16426 0.0214275
1.17557 0.0215201
1.18744 0.0216128
1.19951 0.0217054
1.21151 0.0218104
1.22361 0.0219154
1.2361 0.0220204
1.24928 0.0221254
1.26344 0.0222304
1.27882 0.0223775
1.29557 0.0225246
1.31376 0.0226716
1.3335 0.0228187
1.35487 0.0229658
1.37792 0.0231672
1.40249 0.0233685
1.42837 0.0235699
1.45536 0.0237713
1.48325 0.0239727
1.51176 0.0241759
1.54028 0.0243792
1.56815 0.0245824
1.5947 0.0247857
1.61925 0.0249889
1.64134 0.0251252
1.66138 0.0252614
1.68 0.0253977
1.69781 0.025534
1.71543 0.0256702
1.73332 0.0257921
1.7513 0.025914
1.769 0.0260359
1.78608 0.0261577
1.80218 0.0262796
1.81693 0.0263491
1.82986 0.0264187
1.84053 0.0264882
1.84844 0.0265578
1.85314 0.0266273
1.85434 0.0266015
1.85251 0.0265757
1.84829 0.0265498
1.84236 0.026524
1.83535 0.0264982
1.8279 0.0264515
1.82043 0.0264048
1.81334 0.0263582
1.80705 0.0263115
1.80193 0.0262648
1.79829 0.0262551
1.79592 0.0262454
1.79451 0.0262356
1.79376 0.0262259
1.79335 0.0262162
1.79307 0.0262215
1.79309 0.0262268
1.79366 0.0262321
1.79504 0.0262374
1.79749 0.0262427
1.80123 0.0262884
1.80633 0.0263341
1.81281 0.0263798
1.82071 0.0264255
1.83005 0.0264711
1.84081 0.0265556
1.85267 0.02664
1.86526 0.0267244
1.87823 0.0268089
1.89121 0.0268933
1.904 0.0269953
1.91714 0.0270973
1.93136 0.0271993
1.94735 0.0273013
1.96585 0.0274033
1.98727 0.0275611
2.01087 0.0277189
2.03562 0.0278767
2.06047 0.0280345
2.0844 0.0281923
2.10668 0.0283323
2.12784 0.0284723
2.14872 0.0286123
2.17018 0.0287523
2.19304 0.0288924
2.21797 0.02907
2.24489 0.0292477
2.27353 0.0294254
2.30363 0.0296031
2.33491 0.0297808
2.36716 0.0299872
2.40035 0.0301937
2.4345 0.0304001
2.46963 0.0306065
2.50576 0.030813
2.54282 0.0310269
2.58033 0.0312407
2.61774 0.0314546
2.65449 0.0316685
2.69 0.0318824
2.72403 0.0320814
2.75745 0.0322805
2.79147 0.0324795
2.82728 0.0326785
2.86606 0.0328776
2.90859 0.0331289
2.95393 0.0333802
3.00073 0.0336316
3.04762 0.0338829
3.09325 0.0341342
3.13655 0.0343461
3.17763 0.034558
3.21688 0.0347698
3.25469 0.0349817
3.29146 0.0351935
3.32765 0.0353908
3.36406 0.0355881
3.40155 0.0357854
3.44098 0.0359827
3.48321 0.0361799
3.52889 0.0364362
3.57774 0.0366925
3.62929 0.0369488
3.68303 0.0372051
3.73848 0.0374614
3.79516 0.0377366
3.85268 0.0380119
3.91065 0.0382872
3.96869 0.0385625
4.02642 0.0388378
4.08364 0.0391089
4.14093 0.03938
4.19907 0.0396511
4.25883 0.0399222
4.32097 0.0401933
4.38621 0.0405158
4.45499 0.0408383
4.52769 0.0411609
4.60467 0.0414834
4.68632 0.0418059
4.77277 0.0421979
4.86313 0.0425899
4.95628 0.0429819
5.0511 0.0433739
5.14644 0.0437659
5.24134 0.0441425
5.33539 0.0445191
5.42834 0.0448957
5.51995 0.0452723
5.60997 0.0456489
5.69856 0.0460142
5.78762 0.0463795
5.87945 0.0467449
5.97636 0.0471102
6.08067 0.0474755
6.19408 0.0479477
6.31589 0.0484199
6.44477 0.0488921
6.57944 0.0493643
6.71856 0.0498365
6.86101 0.0503597
7.00637 0.0508829
7.15441 0.0514061
7.30488 0.0519293
7.45754 0.0524525
7.61248 0.0530071
7.7711 0.0535617
7.93515 0.0541163
8.10636 0.0546709
8.28647 0.0552255
8.47674 0.0558816
8.67661 0.0565377
8.88502 0.0571938
9.10095 0.0578499
9.32334 0.058506
9.55137 0.0592247
9.78507 0.0599433
10.0247 0.060662
10.2704 0.0613807
10.5225 0.0620993
10.7813 0.0628747
11.0473 0.06365
11.3211 0.0644253
11.6035 0.0652006
11.895 0.0659759
12.1962 0.0668331
12.5076 0.0676903
12.8296 0.0685476
13.1627 0.0694048
13.5072 0.070262
13.8633 0.0711971
14.2298 0.0721322
14.605 0.0730673
14.9874 0.0740024
15.3755 0.0749375
15.7686 0.0759233
16.1702 0.0769091
16.5846 0.0778949
17.0162 0.0788807
17.4694 0.0798665
17.9473 0.0810019
18.4472 0.0821373
18.9651 0.0832726
19.4972 0.084408
20.0393 0.0855433
20.5891 0.0867417
21.1492 0.0879402
21.7238 0.0891386
22.3172 0.090337
22.9335 0.0915354
23.5764 0.0928953
24.2478 0.0942552
24.9487 0.0956151
25.6806 0.096975
26.4447 0.0983349
27.2426 0.0999222
28.0778 0.101509
28.9542 0.103097
29.8757 0.104684
30.8463 0.106271
31.8683 0.108125
32.9389 0.109979
34.0535 0.111832
35.2079 0.113686
36.3976 0.115539
37.6212 0.117599
38.8887 0.119658
40.213 0.121718
41.6072 0.123778
43.084 0.125837
44.6548 0.128337
46.3231 0.130836
48.0908 0.133336
49.9599 0.135836
51.9323 0.138335
54.0121 0.141354
56.2124 0.144373
58.5487 0.147392
61.0362 0.150411
63.6905 0.15343
66.5296 0.157265
69.5817 0.1611
72.8781 0.164935
76.4498 0.16877
80.3277 0.172605
84.5494 0.17785
89.1779 0.183095
94.2827 0.18834
99.9334 0.193585
106.199 0.19883
113.155 0.206375
120.893 0.21392
129.51 0.221466
139.103 0.229011
149.77 0.236556
161.624 0.247272
174.836 0.257988
189.596 0.268703
206.092 0.279419
224.511 0.290135
245.051 0.305006
267.946 0.319878
293.438 0.334749
321.771 0.34962
353.188 0.364492
387.945 0.38408
426.353 0.403668
468.738 0.423257
515.424 0.442845
566.737 0.462433
622.998 0.486917
684.519 0.5114
751.608 0.535883
824.575 0.560366
903.726 0.58485
989.368 0.613831
1081.8 0.642813
1181.3 0.671794
1288.17 0.700775
1402.69 0.729757
1525.13 0.762446
1655.53 0.795135
1793.92 0.827823
1940.33 0.860512
2094.77 0.893201
2257.19 0.927882
2427.18 0.962562
2604.25 0.997243
2787.92 1.03192
2977.69 1.0666
3172.96 1.10049
3372.68 1.13438
3575.65 1.16827
3780.72 1.20216
3986.7 1.23605
4192.31 1.26547
4395.92 1.2949
4595.79 1.32432
4790.17 1.35374
4977.33 1.38316
5155.54 1.40417
5323.12 1.42518
5478.42 1.44618
5619.78 1.46719
5745.53 1.4882
5854.14 1.49756
5944.47 1.50693
6015.52 1.51629
6066.28 1.52565
6095.74 1.53502
6103.11 1.53084
6088.45 1.52667
6052.02 1.52249
5994.11 1.51832
5914.99 1.51415
5815.1 1.49655
5695.64 1.47895
5557.95 1.46135
5403.39 1.44375
5233.31 1.42616
5049.19 1.39714
4852.91 1.36813
4646.47 1.33911
4431.88 1.3101
4211.14 1.28108
3986.21 1.24429
3758.86 1.2075
3530.84 1.1707
3303.89 1.13391
3079.74 1.09712
2860.03 1.05696
2646.02 1.0168
2438.84 0.976635
2239.64 0.936474
2049.58 0.896313
1869.62 0.85753
1700.07 0.818746
1541.03 0.779963
1392.63 0.74118
1254.99 0.702396
1128.13 0.668532
1011.71 0.634667
905.29 0.600802
808.422 0.566937
720.667 0.533072
641.558 0.50601
570.524 0.478949
506.966 0.451888
450.29 0.424826
399.897 0.397765
355.214 0.377909
315.763 0.358053
281.087 0.338197
250.73 0.318341
224.239 0.298485
201.173 0.285385
181.162 0.272285
163.852 0.259185
148.89 0.246085
135.922 0.232985
124.626 0.22496
114.809 0.216934
106.31 0.208908
98.9668 0.200882
92.6195 0.192856
87.1169 0.188249
82.3503 0.183643
78.2211 0.179036
74.631 0.174429
71.4816 0.169822
68.6844 0.167062
66.1911 0.164302
63.9633 0.161542
61.9626 0.158782
60.1505 0.156022
58.491 0.154096
56.9574 0.152169
55.5253 0.150243
54.1703 0.148317
52.868 0.14639
51.5979 0.144663
50.3557 0.142936
49.1407 0.141209
47.9525 0.139482
46.7905 0.137756
45.654 0.136095
44.5415 0.134435
43.4512 0.132775
42.3813 0.131115
41.33 0.129454
40.2961 0.127835
39.2795 0.126216
38.2805 0.124597
37.2996 0.122977
36.3372 0.121358
35.393 0.119765
34.4643 0.118173
33.5475 0.11658
32.6393 0.114987
31.7363 0.113395
30.8364 0.111769
29.9434 0.110143
29.0623 0.108518
28.1982 0.106892
27.3564 0.105266
26.5408 0.103737
25.7513 0.102207
24.9865 0.100677
24.2453 0.0991469
23.5263 0.097617
22.8285 0.0962108
22.1523 0.0948046
21.4981 0.0933985
20.8666 0.0919923
20.2582 0.0905861
19.6733 0.0893294
19.1111 0.0880727
18.5704 0.086816
18.0502 0.0855592
17.5495 0.0843025
17.0676 0.0832095
16.6057 0.0821165
16.1655 0.0810235
15.7488 0.0799305
15.3572 0.0788375
14.9915 0.0779714
14.6492 0.0771052
14.327 0.076239
14.0214 0.0753728
13.7291 0.0745067
13.4476 0.0737955
13.1781 0.0730843
12.9228 0.0723731
12.6836 0.0716619
12.4628 0.0709507
12.2617 0.0704529
12.0786 0.0699551
11.9111 0.0694573
11.7569 0.0689595
11.6134 0.0684617
11.4786 0.0680978
11.3515 0.0677338
11.2314 0.0673699
11.1177 0.0670059
11.0097 0.066642
10.9069 0.0663684
10.8099 0.0660947
10.7195 0.0658211
10.6365 0.0655475
10.5615 0.0652739
10.495 0.0651025
10.4355 0.0649312
10.381 0.0647598
10.3297 0.0645885
10.2798 0.0644171
10.2294 0.064258
10.1783 0.0640989
10.126 0.0639398
10.0723 0.0637807
10.0171 0.0636215
9.96006 0.0634301
9.9007 0.0632387
9.83856 0.0630473
9.77319 0.0628559
9.70409 0.0626645
9.63113 0.0624279
9.55539 0.0621913
9.47829 0.0619547
9.40124 0.061718
9.32565 0.0614814
9.25248 0.0612497
9.18084 0.061018
9.10938 0.0607863
9.03676 0.0605545
8.96162 0.0603228
8.88301 0.0600532
8.8015 0.0597835
8.71804 0.0595138
8.63361 0.0592442
8.54915 0.0589745
8.46549 0.058701
8.38292 0.0584275
8.30159 0.058154
8.22165 0.0578805
8.14326 0.057607
8.06655 0.0573536
7.99162 0.0571002
7.91854 0.0568468
7.84739 0.0565934
7.77825 0.05634
7.71106 0.0561071
7.64533 0.0558743
7.5804 0.0556414
7.51566 0.0554085
7.45046 0.0551757
7.38433 0.0549321
7.31748 0.0546885
7.25024 0.0544449
7.18298 0.0542012
7.11604 0.0539576
7.04976 0.0537155
6.98428 0.0534734
6.91974 0.0532312
6.85625 0.0529891
6.79393 0.0527469
6.73287 0.052521
6.67292 0.052295
6.61392 0.052069
6.5557 0.051843
6.49807 0.051617
6.44084 0.0513925
6.38378 0.051168
6.32663 0.0509434
6.26914 0.0507189
6.21106 0.0504944
6.15232 0.0502664
6.09364 0.0500384
6.03596 0.0498104
5.98017 0.0495825
5.92719 0.0493545
5.87755 0.0491589
5.83012 0.0489634
5.78342 0.0487678
5.73593 0.0485723
5.68615 0.0483767
5.63308 0.0481534
5.57774 0.04793
5.52166 0.0477066
5.46638 0.0474832
5.41341 0.0472598
5.36395 0.0470825
5.31783 0.0469053
5.27455 0.046728
5.23359 0.0465507
5.19444 0.0463734
5.15663 0.0462352
5.11987 0.0460969
5.08388 0.0459587
5.04841 0.0458205
5.01318 0.0456822
4.9779 0.0455459
4.94211 0.0454095
4.90533 0.0452731
4.86707 0.0451368
4.82683 0.0450004
4.78444 0.0448406
4.74092 0.0446807
4.69758 0.0445209
4.65576 0.044361
4.61676 0.0442012
4.58163 0.0441024
4.5503 0.0440036
4.5224 0.0439048
4.49757 0.043806
4.47545 0.0437072
4.45545 0.0436389
4.43608 0.0435706
4.41559 0.0435024
4.39228 0.0434341
4.3644 0.0433658
4.33086 0.043212
4.29314 0.0430582
4.25332 0.0429044
4.21351 0.0427506
4.1758 0.0425968
4.14179 0.0424781
4.111 0.0423594
4.08245 0.0422407
4.05513 0.042122
4.02807 0.0420033
4.00058 0.0418972
3.97311 0.0417911
3.94645 0.0416851
3.92135 0.041579
3.89858 0.0414729
3.87854 0.041403
3.86023 0.0413331
3.84225 0.0412632
3.82321 0.0411933
3.80175 0.0411234
3.77696 0.0410094
3.74989 0.0408954
3.72206 0.0407813
3.69502 0.0406673
3.67027 0.0405533
3.64884 0.0404645
3.62959 0.0403758
3.61089 0.040287
3.59107 0.0401983
3.5685 0.0401095
3.54206 0.0399617
3.51277 0.0398139
3.48218 0.039666
3.45184 0.0395182
3.42331 0.0393703
3.39766 0.0392269
3.37397 0.0390834
3.35088 0.0389399
3.32698 0.0387964
3.30089 0.0386529
3.2717 0.0384596
3.24036 0.0382663
3.20829 0.038073
3.17691 0.0378798
3.14765 0.0376865
3.12158 0.0375219
3.09839 0.0373573
3.07741 0.0371928
3.05797 0.0370282
3.03942 0.0368636
3.02121 0.0367158
3.00337 0.036568
2.98601 0.0364201
2.96928 0.0362723
2.95332 0.0361245
2.93824 0.0359989
2.92404 0.0358734
2.9107 0.0357478
2.89818 0.0356222
2.88648 0.0354967
2.87546 0.0353786
2.86464 0.0352605
2.85342 0.0351424
2.84122 0.0350243
2.82745 0.0349062
2.81171 0.0347527
2.79438 0.0345993
2.77605 0.0344458
2.75729 0.0342923
2.73869 0.0341388
2.72078 0.0340052
2.70386 0.0338717
2.68821 0.0337381
2.67409 0.0336046
2.66176 0.033471
2.65132 0.0333848
2.6422 0.0332986
2.63366 0.0332124
2.62495 0.0331262
2.61534 0.0330399
2.60434 0.032937
2.59246 0.032834
2.58047 0.032731
2.56912 0.032628
2.55919 0.0325251
2.55125 0.0324678
2.54508 0.0324106
2.54029 0.0323534
2.53648 0.0322962
2.53325 0.032239
2.5301 0.0321665
2.52612 0.0320939
2.52033 0.0320214
2.51172 0.0319489
2.4993 0.0318763
2.48252 0.0317187
2.4627 0.031561
2.44163 0.0314034
2.42107 0.0312457
2.40281 0.031088
2.38812 0.0309824
2.3763 0.0308767
2.36613 0.0307711
2.35642 0.0306654
2.34596 0.0305598
2.3338 0.0304234
2.32002 0.030287
2.30495 0.0301507
2.28894 0.0300143
2.27231 0.029878
2.25542 0.0297474
2.23865 0.0296169
2.22239 0.0294864
2.20705 0.0293558
2.19302 0.0292253
2.18061 0.0291385
2.16977 0.0290517
2.16036 0.0289648
2.15226 0.028878
2.14533 0.0287912
2.1393 0.0287356
2.13336 0.02868
2.12658 0.0286244
2.118 0.0285689
2.10669 0.0285133
2.0921 0.0283893
2.07527 0.0282653
2.05763 0.0281414
2.04061 0.0280174
2.02565 0.0278935
2.0138 0.0278405
2.00456 0.0277875
1.99704 0.0277345
1.99038 0.0276815
1.98367 0.0276285
1.97618 0.0275661
1.96768 0.0275037
1.95808 0.0274412
1.94727 0.0273788
1.93517 0.0273164
1.92186 0.0272537
1.90815 0.027191
1.89502 0.0271283
1.88345 0.0270656
1.87444 0.0270028
1.86857 0.0269906
1.86489 0.0269784
1.86203 0.0269661
1.85867 0.0269539
1.85343 0.0269416
1.84538 0.0268962
1.83521 0.0268507
1.82402 0.0268053
1.81291 0.0267598
1.80297 0.0267143
1.79497 0.0266991
1.78836 0.0266838
1.78223 0.0266685
1.77572 0.0266532
1.76791 0.0266379
1.75828 0.0266067
1.74765 0.0265755
1.73719 0.0265442
1.72809 0.026513
1.72153 0.0264817
1.71821 0.0265019
1.71704 0.0265221
1.71644 0.0265423
1.71485 0.0265624
1.71069 0.0265826
1.70295 0.0265494
1.69279 0.0265163
1.68191 0.0264831
1.67201 0.02645
1.66481 0.0264168
1.66156 0.0264617
1.66168 0.0265066
1.66416 0.0265514
1.66798 0.0265963
1.67211 0.0266411
1.6757 0.0266865
1.6785 0.0267318
1.68043 0.0267771
1.68141 0.0268224
1.68136 0.0268677
1.68024 0.0268661
1.67821 0.0268644
1.67546 0.0268628
1.67219 0.0268611
1.6686 0.0268595
1.66489 0.0268448
1.66125 0.0268302
1.65787 0.0268155
1.65497 0.0268008
1.65272 0.0267862
1.65129 0.0267954
1.65069 0.0268047
1.65086 0.026814
1.65177 0.0268233
1.65337 0.0268325
1.65546 0.026828
1.65711 0.0268235
1.65723 0.026819
1.65473 0.0268144
1.6485 0.0268099
1.63798 0.0267097
1.62471 0.0266096
1.61073 0.0265094
1.59811 0.0264092
1.58891 0.0263091
1.58459 0.0263124
1.58426 0.0263158
1.58642 0.0263191
1.58959 0.0263225
1.59227 0.0263258
1.59331 0.0263146
1.59285 0.0263033
1.59137 0.026292
1.58935 0.0262807
1.58727 0.0262694
1.58548 0.0262486
1.58385 0.0262278
1.58209 0.0262069
1.57995 0.0261861
1.57717 0.0261653
1.57361 0.0261346
1.56966 0.0261039
1.56585 0.0260732
1.56271 0.0260425
1.56076 0.0260118
1.56037 0.0260217
1.56134 0.0260316
1.5633 0.0260416
1.56588 0.0260515
1.56871 0.0260614
1.57142 0.0260635
1.57355 0.0260656
1.57464 0.0260677
1.57421 0.0260698
1.5718 0.0260719
1.56721 0.0260263
1.56123 0.0259807
1.55495 0.0259352
1.54942 0.0258896
1.54572 0.025844
1.54454 0.0258441
1.54515 0.0258441
1.54642 0.0258441
1.54725 0.0258442
1.54651 0.0258442
1.5435 0.0258148
1.53909 0.0257854
1.53453 0.0257561
1.5311 0.0257267
1.53007 0.0256973
1.53222 0.0257227
1.53643 0.0257481
1.5411 0.0257735
1.54464 0.0257989
1.54544 0.0258243
1.54244 0.025782
1.53677 0.0257396
1.53007 0.0256973
1.524 0.0256549
1.52022 0.0256126
1.51991 0.0256361
1.52237 0.0256596
1.52645 0.0256831
1.53097 0.0257065
1.53478 0.02573
1.53697 0.0257301
1.53769 0.0257303
1.53735 0.0257304
1.53634 0.0257305
1.5351 0.0257306
1.53391 0.0257166
1.5327 0.0257025
1.53127 0.0256884
1.52943 0.0256744
1.52701 0.0256603
1.52389 0.0256316
1.52033 0.0256028
1.51664 0.025574
1.51318 0.0255452
1.51026 0.0255164
1.50819 0.0255161
1.5071 0.0255157
1.50711 0.0255154
1.50831 0.025515
1.51081 0.0255146
1.51452 0.0255356
1.51862 0.0255565
1.52207 0.0255774
1.52385 0.0255983
1.52292 0.0256193
1.51866 0.0255635
1.51194 0.0255078
1.50406 0.0254521
1.49628 0.0253963
1.48989 0.0253406
1.48583 0.0253277
1.48375 0.0253149
1.48296 0.0253021
1.48277 0.0252892
1.48249 0.0252764
1.48163 0.0252706
1.48044 0.0252648
1.47938 0.0252591
1.47891 0.0252533
1.47946 0.0252475
1.48125 0.0252526
1.48346 0.0252577
1.48506 0.0252628
1.48497 0.0252679
1.48216 0.025273
1.476 0.0252098
1.46768 0.0251467
1.45881 0.0250835
1.451 0.0250203
1.44587 0.0249571
1.44458 0.0249802
1.44644 0.0250033
1.45032 0.0250263
1.45505 0.0250494
1.45952 0.0250725
1.46277 0.0250796
1.46476 0.0250867
1.46562 0.0250938
1.46552 0.025101
1.4646 0.0251081
1.463 0.0250869
1.46086 0.0250656
1.45829 0.0250444
1.45542 0.0250232
1.45236 0.025002
1.44932 0.0249937
1.44679 0.0249855
1.44534 0.0249772
1.44556 0.024969
1.44801 0.0249607
1.45297 0.0250085
1.45952 0.0250562
# Group 1
1.15505 0.0335827
1.15864 0.0327145
1.16201 0.0318463
1.16495 0.0309781
1.16725 0.0301099
1.16869 0.0292417
1.16914 0.0286112
1.16883 0.0279808
1.16807 0.0273504
1.16717 0.0267199
1.16644 0.0260895
1.16619 0.0260964
1.1667 0.0261034
1.16822 0.0261103
1.17103 0.0261173
1.1754 0.0261242
1.1814 0.0261752
1.18831 0.0262263
1.19521 0.0262773
1.20119 0.0263283
1.20533 0.0263794
1.20698 0.0263474
1.20657 0.0263154
1.20477 0.0262834
1.20229 0.0262515
1.19981 0.0262195
1.19789 0.0261935
1.1966 0.0261675
1.19588 0.0261415
1.19565 0.0261156
1.19587 0.0260896
1.19647 0.0260898
1.19742 0.0260901
1.19869 0.0260903
1.20023 0.0260906
1.20203 0.0260908
1.2041 0.0261228
1.20668 0.0261547
1.21007 0.0261867
1.21456 0.0262186
1.22045 0.0262505
1.22781 0.0263074
1.23584 0.0263642
1.24351 0.026421
1.24979 0.0264778
1.25366 0.0265346
1.25443 0.0265048
1.25277 0.0264749
1.24968 0.0264451
1.24618 0.0264153
1.24328 0.0263854
1.24179 0.0263895
1.24179 0.0263936
1.24316 0.0263977
1.24578 0.0264018
1.24955 0.0264059
1.25433 0.0264581
1.25992 0.0265104
1.26612 0.0265626
1.2727 0.0266149
1.27947 0.0266671
1.28614 0.0266985
1.29216 0.02673
1.29688 0.0267614
1.29969 0.0267929
1.29995 0.0268243
1.29742 0.0267892
1.29331 0.0267541
1.28923 0.026719
1.2868 0.0266839
1.28761 0.0266487
1.29279 0.0267451
1.30161 0.0268415
1.31285 0.0269379
1.3253 0.0270343
1.33774 0.0271306
1.34916 0.0272122
1.35935 0.0272937
1.36831 0.0273753
1.37603 0.0274568
1.3825 0.0275383
1.38774 0.0275627
1.39185 0.027587
1.39495 0.0276113
1.39714 0.0276356
1.39856 0.0276599
1.39937 0.0276629
1.39988 0.0276659
1.40049 0.0276689
1.40155 0.0276719
1.40345 0.0276749
1.40638 0.0276934
1.40986 0.027712
1.41323 0.0277305
1.41583 0.0277491
1.417 0.0277676
1.41633 0.0277462
1.41445 0.0277247
1.41221 0.0277032
1.4105 0.0276817
1.41017 0.0276602
1.4119 0.0276976
1.4155 0.027735
1.4206 0.0277723
1.42682 0.0278097
1.43378 0.027847
1.44111 0.0279086
1.44855 0.0279701
1.45584 0.0280317
1.46273 0.0280933
1.46897 0.0281548
1.47438 0.0281883
1.47909 0.0282217
1.4833 0.0282552
1.48722 0.0282887
1.49105 0.0283221
1.49498 0.0283595
1.4991 0.0283969
1.5035 0.0284343
1.50826 0.0284717
1.51346 0.0285091
1.51913 0.0285551
1.52505 0.0286011
1.53093 0.0286471
1.53649 0.0286932
1.54145 0.0287392
1.54556 0.0287524
1.54874 0.0287656
1.55092 0.0287788
1.55207 0.028792
1.55212 0.0288051
1.55117 0.0287987
1.54985 0.0287923
1.54894 0.0287858
1.54924 0.0287794
1.55151 0.028773
1.55635 0.0288492
1.56363 0.0289254
1.57299 0.0290017
1.5841 0.0290779
1.59664 0.0291541
1.61033 0.0292972
1.62519 0.0294403
1.6413 0.0295834
1.65874 0.0297264
1.6776 0.0298695
1.69775 0.030028
1.71829 0.0301865
1.73813 0.030345
1.75618 0.0305035
1.77132 0.030662
1.7829 0.0307362
1.79193 0.0308104
1.79987 0.0308846
1.80816 0.0309588
1.81825 0.0310329
1.83123 0.0311667
1.84677 0.0313004
1.86419 0.0314342
1.88278 0.0315679
1.90185 0.0317016
1.92072 0.0318278
1.93872 0.031954
1.95515 0.0320802
1.96935 0.0322065
1.98064 0.0323327
1.98867 0.0323724
1.9944 0.0324121
1.9991 0.0324518
2.00405 0.0324916
2.01053 0.0325313
2.01961 0.032643
2.03155 0.0327546
2.04638 0.0328663
2.06415 0.032978
2.08491 0.0330897
2.10848 0.0332784
2.1339 0.0334672
2.15995 0.0336559
2.18545 0.0338447
2.20921 0.0340335
2.2304 0.0341766
2.2497 0.0343197
2.26817 0.0344629
2.28686 0.034606
2.3068 0.0347491
2.3289 0.0349402
2.35332 0.0351313
2.38009 0.0353223
2.40921 0.0355134
2.44071 0.0357045
2.47439 0.03594
2.50926 0.0361755
2.54411 0.036411
2.57774 0.0366465
2.60895 0.036882
2.63691 0.0370511
2.66229 0.0372202
2.68615 0.0373894
2.70953 0.0375585
2.73347 0.0377276
2.75887 0.0379173
2.78605 0.0381069
2.81515 0.0382966
2.84634 0.0384863
2.87976 0.038676
2.91542 0.0389139
2.95267 0.0391517
2.99069 0.0393896
3.02867 0.0396274
3.06581 0.0398653
3.10169 0.0401057
3.13748 0.0403461
3.17476 0.0405866
3.2151 0.040827
3.26008 0.0410675
3.31067 0.0413981
3.36554 0.0417287
3.42276 0.0420593
3.48042 0.0423899
3.53659 0.0427206
3.58999 0.0430326
3.6419 0.0433447
3.69426 0.0436567
3.749 0.0439688
3.80805 0.0442808
3.87288 0.0446954
3.94313 0.0451099
4.01796 0.0455245
4.09658 0.0459391
4.17814 0.0463536
4.26199 0.0468211
4.34811 0.0472886
4.43664 0.0477561
4.5277 0.0482235
4.62143 0.048691
4.71788 0.0491939
4.81662 0.0496968
4.91717 0.0501996
5.01899 0.0507025
5.12159 0.0512054
5.22492 0.051742
5.33079 0.0522785
5.44148 0.0528151
5.55925 0.0533517
5.6864 0.0538882
5.82429 0.054558
5.97071 0.0552277
6.12254 0.0558974
6.27668 0.0565672
6.43001 0.0572369
6.58042 0.0578901
6.72977 0.0585433
6.88092 0.0591966
7.03674 0.0598498
7.2001 0.060503
7.37302 0.0612481
7.55426 0.0619932
7.74171 0.0627382
7.9333 0.0634833
8.12692 0.0642284
8.32131 0.0650069
8.51848 0.0657853
8.72125 0.0665638
8.93244 0.0673423
9.1549 0.0681208
9.39054 0.0690288
9.63779 0.0699369
9.89416 0.0708449
10.1572 0.0717529
10.4243 0.072661
10.6941 0.0736179
10.9683 0.0745747
11.2498 0.0755316
11.5413 0.0764885
11.8457 0.0774454
12.1647 0.0785054
12.4955 0.0795654
12.8344 0.0806254
13.1776 0.0816855
13.5212 0.0827455
13.863 0.0837996
14.2061 0.0848538
14.5553 0.085908
14.9152 0.0869622
15.2906 0.0880164
15.6848 0.0892056
16.0965 0.0903949
16.5231 0.0915841
16.9618 0.0927733
17.4101 0.0939626
17.8661 0.0952164
18.3305 0.0964701
18.8049 0.0977239
19.2908 0.0989777
19.7897 0.100231
20.3032 0.101592
20.833 0.102953
21.3807 0.104314
21.9482 0.105674
22.537 0.107035
23.1494 0.108605
23.7895 0.110175
24.4621 0.111745
25.1716 0.113315
25.9229 0.114884
26.7195 0.116792
27.5614 0.118699
28.4474 0.120606
29.3766 0.122513
30.3479 0.124421
31.3626 0.126703
32.4315 0.128986
33.5677 0.131268
34.7845 0.133551
36.095 0.135833
37.5108 0.138801
39.0364 0.14177
40.6747 0.144738
42.4288 0.147706
44.3015 0.150674
46.3018 0.154552
48.4621 0.15843
50.821 0.162309
53.4171 0.166187
56.2888 0.170065
59.4728 0.175608
62.9985 0.18115
66.8932 0.186692
71.1845 0.192234
75.8998 0.197777
81.077 0.205505
86.7965 0.213234
93.1491 0.220962
100.226 0.228691
108.117 0.23642
116.922 0.247466
126.771 0.258512
137.805 0.269558
150.161 0.280605
163.979 0.291651
179.412 0.307136
196.67 0.322622
215.978 0.338107
237.559 0.353593
261.638 0.369078
288.443 0.389826
318.212 0.410573
351.189 0.43132
387.616 0.452067
427.737 0.472815
471.792 0.498776
520.02 0.524737
572.656 0.550699
629.938 0.57666
692.101 0.602622
759.352 0.632985
831.774 0.663348
909.421 0.693711
992.346 0.724075
1080.6 0.754438
1174.19 0.787305
1272.89 0.820171
1376.42 0.853037
1484.51 0.885904
1596.88 0.91877
1713.21 0.951448
1833 0.984126
1955.71 1.0168
2080.8 1.04948
2207.72 1.08216
2335.86 1.11169
2464.32 1.14123
2592.11 1.17077
2718.28 1.2003
2841.84 1.22984
2961.8 1.25274
3077.12 1.27564
3186.72 1.29854
3289.54 1.32144
3384.5 1.34434
3470.55 1.35727
3546.7 1.3702
3611.97 1.38313
3665.38 1.39606
3705.96 1.40899
3732.88 1.40921
3745.86 1.40942
3744.78 1.40963
3729.52 1.40984
3699.96 1.41006
3656.1 1.39679
3598.49 1.38352
3527.8 1.37025
3444.7 1.35699
3349.86 1.34372
3244.05 1.31817
3128.42 1.29262
3004.21 1.26707
2872.65 1.24152
2735 1.21597
2592.47 1.18098
2446.33 1.14599
2297.79 1.111
2148.11 1.07601
1998.53 1.04102
1850.24 1.00048
1704.36 0.959941
1561.96 0.9194
1424.13 0.878858
1291.92 0.838316
1166.31 0.797563
1047.76 0.75681
936.591 0.716056
833.16 0.675303
737.801 0.634549
650.744 0.598892
571.777 0.563235
500.574 0.527578
436.811 0.49192
380.164 0.456263
330.272 0.429252
286.628 0.402241
248.687 0.37523
215.904 0.348219
187.735 0.321208
163.656 0.303825
143.219 0.286442
125.997 0.269058
111.563 0.251675
99.4898 0.234292
89.3801 0.224928
80.9609 0.215563
73.9893 0.206199
68.2228 0.196834
63.4185 0.18747
59.3578 0.182779
55.9178 0.178088
52.9995 0.173398
50.5041 0.168707
48.3327 0.164016
46.3987 0.161269
44.6654 0.158521
43.1082 0.155774
41.7029 0.153026
40.425 0.150279
39.2519 0.148354
38.168 0.14643
37.1595 0.144505
36.2127 0.142581
35.3137 0.140656
34.4506 0.139032
33.6195 0.137408
32.8181 0.135783
32.0442 0.134159
31.2958 0.132535
30.5699 0.131011
29.8609 0.129487
29.1622 0.127963
28.4674 0.126439
27.7702 0.124915
27.0665 0.123329
26.3629 0.121742
25.6681 0.120155
24.9912 0.118568
24.3409 0.116981
23.7234 0.115545
23.1329 0.114109
22.5609 0.112673
21.9989 0.111237
21.4381 0.109801
20.8726 0.108336
20.3063 0.106871
19.7457 0.105406
19.197 0.103941
18.6669 0.102476
18.1601 0.101142
17.6745 0.0998081
17.2065 0.0984742
16.7524 0.0971403
16.3087 0.0958064
15.8724 0.0945469
15.4444 0.0932873
15.0264 0.0920278
14.62 0.0907682
14.227 0.0895087
13.8484 0.0883588
13.4829 0.087209
13.1288 0.0860591
12.7841 0.0849092
12.447 0.0837594
12.116 0.0826634
11.7913 0.0815675
11.4737 0.0804715
11.1636 0.0793756
10.8617 0.0782797
10.5689 0.0772798
10.2863 0.07628
10.0155 0.0752801
9.75793 0.0742803
9.51507 0.0732804
9.28746 0.0724434
9.07208 0.0716064
8.86496 0.0707694
8.66217 0.0699323
8.45977 0.0690953
8.25503 0.0682597
8.05017 0.0674241
7.84863 0.0665884
7.65386 0.0657528
7.4693 0.0649172
7.29751 0.064234
7.13748 0.0635507
6.98732 0.0628675
6.84512 0.0621843
6.709 0.0615011
6.57741 0.0609222
6.45025 0.0603433
6.32779 0.0597644
6.21027 0.0591855
6.09796 0.0586066
5.99093 0.0581138
5.88849 0.0576211
5.78977 0.0571284
5.6939 0.0566356
5.59999 0.0561429
5.50755 0.0557095
5.4176 0.0552762
5.3315 0.0548429
5.25065 0.0544095
5.17642 0.0539762
5.1096 0.0536615
5.04854 0.0533468
4.99099 0.0530321
4.93469 0.0527174
4.87739 0.0524027
4.81741 0.052067
4.7553 0.0517313
4.69218 0.0513956
4.62918 0.0510599
4.56742 0.0507242
4.50778 0.0504122
4.45024 0.0501002
4.39451 0.0497882
4.34033 0.0494762
4.28744 0.0491642
4.23558 0.0488774
4.1846 0.0485906
4.13435 0.0483037
4.08469 0.0480169
4.03548 0.0477301
3.9867 0.0474598
3.9388 0.0471894
3.89235 0.0469191
3.84792 0.0466488
3.80608 0.0463784
3.76712 0.0461577
3.73028 0.0459369
3.69453 0.0457162
3.65884 0.0454954
3.62217 0.0452746
3.58375 0.0450226
3.54386 0.0447705
3.50306 0.0445184
3.46187 0.0442664
3.42086 0.0440143
3.38046 0.0437621
3.34074 0.0435099
3.30169 0.0432576
3.26328 0.0430054
3.22548 0.0427532
3.1883 0.0425198
3.15191 0.0422865
3.1165 0.0420531
3.08226 0.0418197
3.0494 0.0415864
3.01797 0.0413787
2.98756 0.041171
2.95761 0.0409632
2.92757 0.0407555
2.89688 0.0405478
2.86524 0.040333
2.83331 0.0401182
2.802 0.0399034
2.77221 0.0396885
2.74485 0.0394737
2.7206 0.0393331
2.69917 0.0391925
2.68005 0.0390519
2.66273 0.0389113
2.64669 0.0387707
2.63151 0.0386736
2.61709 0.0385765
2.60342 0.0384794
2.59048 0.0383823
2.57826 0.0382851
2.56668 0.038201
2.55539 0.0381169
2.54398 0.0380327
2.53204 0.0379486
2.51914 0.0378644
2.50502 0.0377594
2.49005 0.0376544
2.47472 0.0375494
2.45954 0.0374444
2.44502 0.0373393
2.43154 0.0372599
2.41901 0.0371805
2.40718 0.0371011
2.39585 0.0370217
2.38478 0.0369422
2.37383 0.0368816
2.36318 0.0368209
2.35308 0.0367602
2.34379 0.0366995
2.33556 0.0366388
2.32851 0.0366075
2.32221 0.0365762
2.31607 0.0365449
2.3095 0.0365137
2.30193 0.0364824
2.293 0.0364361
2.28324 0.0363897
2.27338 0.0363434
2.26417 0.0362971
2.25637 0.0362508
2.25044 0.0362395
2.24575 0.0362283
2.2414 0.036217
2.23649 0.0362058
2.23011 0.0361946
2.22163 0.0361482
2.21156 0.0361019
2.20067 0.0360555
2.18974 0.0360092
2.17956 0.0359628
2.17071 0.0359415
2.1631 0.0359203
2.15645 0.035899
2.15049 0.0358777
2.14494 0.0358564
2.13959 0.0358532
2.1344 0.03585
2.12943 0.0358468
2.12471 0.0358436
2.12028 0.0358404
2.11615 0.0358394
2.11221 0.0358384
2.10832 0.0358373
2.10434 0.0358363
2.10013 0.0358352
2.09565 0.0358371
2.09127 0.0358389
2.08744 0.0358407
2.08463 0.0358425
2.08329 0.0358444
2.08376 0.035891
2.08585 0.0359376
2.08926 0.0359842
2.09367 0.0360308
2.09877 0.0360775
2.10417 0.0361154
2.10915 0.0361533
2.11291 0.0361912
2.11465 0.0362291
2.11356 0.0362671
2.10919 0.0362196
2.10249 0.0361722
2.09476 0.0361248
2.08728 0.0360774
2.08137 0.03603
2.07792 0.0360088
2.07636 0.0359876
2.0757 0.0359665
2.07496 0.0359453
2.07318 0.0359241
2.06962 0.03586
2.06449 0.0357959
2.05827 0.0357318
2.0514 0.0356678
2.04436 0.0356037
2.03749 0.0355259
2.03075 0.035448
2.02398 0.0353702
2.01702 0.0352924
2.00972 0.0352146
2.002 0.035113
1.99407 0.0350113
1.98623 0.0349096
1.97877 0.034808
1.97197 0.0347063
1.96603 0.0346126
1.96076 0.0345188
1.95586 0.034425
1.95104 0.0343313
1.94599 0.0342375
1.94055 0.0341644
1.93499 0.0340914
1.92971 0.0340183
1.92511 0.0339452
1.92158 0.0338722
1.91925 0.0337876
1.91719 0.0337031
1.9142 0.0336186
1.90907 0.0335341
1.90061 0.0334496
1.88811 0.0332646
1.8728 0.0330796
1.85641 0.0328946
1.84068 0.0327097
1.82732 0.0325247
1.81763 0.03244
1.81108 0.0323553
1.80673 0.0322706
1.80361 0.0321859
1.80078 0.0321012
1.79746 0.0320447
1.79367 0.0319882
1.78963 0.0319317
1.78554 0.0318752
1.78161 0.0318187
1.77795 0.03175
1.77425 0.0316813
1.77013 0.0316127
1.76518 0.031544
1.75901 0.0314754
1.75147 0.0314054
1.74349 0.0313355
1.73625 0.0312655
1.73093 0.0311956
1.72871 0.0311256
1.73027 0.0311473
1.7343 0.0311689
1.73898 0.0311906
1.74249 0.0312122
1.74302 0.0312339
1.73927 0.0311681
1.73207 0.0311024
1.72277 0.0310366
1.71271 0.0309709
1.70325 0.0309051
1.6954 0.0308426
1.68891 0.03078
1.68319 0.0307175
1.67766 0.0306549
1.67171 0.0305923
1.66495 0.0305051
1.65766 0.0304179
1.6503 0.0303306
1.64332 0.0302434
1.6372 0.0301562
1.63217 0.0300918
1.62768 0.0300275
1.62293 0.0299632
1.61715 0.0298988
1.60956 0.0298345
1.59971 0.0297176
1.58851 0.0296006
1.57721 0.0294837
1.56705 0.0293668
1.55928 0.0292498
1.55468 0.0291873
1.55221 0.0291249
1.5504 0.0290624
1.54775 0.0289999
1.54277 0.0289374
1.53442 0.0287976
1.52337 0.0286579
1.51078 0.0285182
1.49776 0.0283784
1.48544 0.0282387
1.47474 0.0281488
1.46565 0.0280589
1.45792 0.027969
1.45135 0.0278791
1.44568 0.0277892
1.44072 0.0277472
1.43646 0.0277052
1.43289 0.0276632
1.43001 0.0276212
1.42785 0.0275792
1.42633 0.0275718
1.42505 0.0275644
1.42358 0.027557
1.42143 0.0275496
1.41815 0.0275422
1.41343 0.0274954
1.40761 0.0274487
1.40118 0.027402
1.39461 0.0273553
1.3884 0.0273086
1.38296 0.0272953
1.37837 0.027282
1.37462 0.0272687
1.37173 0.0272554
1.36969 0.0272421
1.36845 0.0272774
1.36774 0.0273127
1.36723 0.027348
1.36661 0.0273833
1.36554 0.0274186
1.36381 0.0274393
1.36157 0.02746
1.35908 0.0274807
1.35658 0.0275014
1.35434 0.0275222
1.35254 0.0275439
1.35104 0.0275657
1.34964 0.0275875
1.34814 0.0276092
1.34633 0.027631
1.34411 0.0276625
1.34184 0.027694
1.33996 0.0277255
1.33894 0.0277569
1.33923 0.0277884
1.34111 0.0278648
1.34415 0.0279411
1.34774 0.0280174
1.35128 0.0280937
1.35416 0.02817
1.35585 0.0281838
1.35607 0.0281976
1.35464 0.0282114
1.35136 0.0282252
1.34603 0.028239
1.3386 0.0281686
1.32957 0.0280982
1.31961 0.0280278
1.30935 0.0279574
1.29946 0.027887
1.29051 0.0278469
1.28282 0.0278067
1.27663 0.0277666
1.2722 0.0277265
1.26977 0.0276864
1.26937 0.0276977
1.27016 0.0277089
1.27107 0.0277202
1.27103 0.0277315
1.26898 0.0277428
1.26417 0.0276616
1.25711 0.0275804
1.24863 0.0274992
1.23955 0.027418
1.23072 0.0273368
1.22282 0.0272793
1.2161 0.0272218
1.21067 0.0271642
1.20663 0.0271067
1.2041 0.0270492
1.20314 0.0270609
1.20363 0.0270726
1.20536 0.0270843
1.20817 0.0270961
1.21187 0.0271078
1.21613 0.0271195
1.22003 0.0271311
1.2225 0.0271428
1.22247 0.0271545
1.21887 0.0271662
1.21113 0.0270542
1.20063 0.0269423
1.18924 0.0268303
1.17885 0.0267184
1.17132 0.0266064
1.16797 0.0266069
1.16787 0.0266073
1.16953 0.0266078
1.17147 0.0266083
1.1722 0.0266087
1.17059 0.0265565
1.16696 0.0265042
1.16201 0.026452
1.15643 0.0263998
1.1509 0.0263475
1.14594 0.026292
1.14141 0.0262364
1.13699 0.0261808
1.13236 0.0261252
1.1272 0.0260697
1.12137 0.0260152
1.11542 0.0259607
1.11007 0.0259063
1.10604 0.0258518
1.10407 0.0257974
1.10457 0.0258195
1.10685 0.0258416
1.10988 0.0258638
1.11267 0.0258859
1.11422 0.0259081
1.1138 0.0258836
1.11191 0.0258591
1.10934 0.0258346
1.10687 0.0258101
1.10528 0.0257856
1.10517 0.0258038
1.10634 0.025822
1.10844 0.0258402
1.11107 0.0258584
1.11387 0.0258766
1.11654 0.0259053
1.11913 0.0259341
1.12179 0.0259629
1.12466 0.0259917
1.12786 0.0260205
1.13141 0.0260404
1.13483 0.0260604
1.1375 0.0260803
1.13879 0.0261003
1.1381 0.0261203
1.13502 0.0260538
1.13 0.0259873
1.12372 0.0259208
1.11684 0.0258543
1.11002 0.0257878
1.10383 0.0257331
1.09838 0.0256784
1.09371 0.0256237
1.08983 0.0255689
1.08675 0.0255142
1.08447 0.0254956
1.08283 0.025477
1.08166 0.0254584
1.08077 0.0254398
1.07999 0.0254211
1.07911 0.0253933
1.07779 0.0253654
1.07568 0.0253375
1.07243 0.0253097
1.06766 0.0252818
1.06127 0.0252104
1.05405 0.0251389
1.04706 0.0250675
1.04132 0.024996
1.03788 0.0249246
1.03749 0.0249668
1.03977 0.025009
1.04403 0.0250512
1.0496 0.0250934
1.0558 0.0251355
1.06201 0.0251898
1.06778 0.025244
1.07273 0.0252983
1.07647 0.0253525
1.07861 0.0254068
1.07893 0.0253903
1.07781 0.0253739
1.07583 0.0253574
1.07355 0.0253409
1.07151 0.0253245
1.07014 0.0253101
1.06926 0.0252958
1.06853 0.0252815
1.06762 0.0252671
1.06621 0.0252528
1.06409 0.0252267
1.06154 0.0252007
1.05896 0.0251746
1.05677 0.0251486
1.05537 0.0251225
1.055 0.0251151
1.05518 0.0251077
1.05528 0.0251004
1.05465 0.025093
1.05266 0.0250856
1.0489 0.0250316
1.04398 0.0249777
1.03875 0.0249237
1.03404 0.0248697
1.0307 0.0248158
1.02929 0.0248095
1.0292 0.0248032
1.02955 0.024797
1.02945 0.0247907
1.02801 0.0247844
1.02466 0.0247432
1.02019 0.024702
1.01571 0.0246608
1.01232 0.0246196
1.01112 0.0245784
1.01285 0.0246175
1.01664 0.0246566
1.02126 0.0246957
1.02547 0.0247348
1.02803 0.0247739
1.02803 0.0247399
1.02589 0.024706
1.02237 0.0246721
1.01822 0.0246382
1.01419 0.0246043
1.01087 0.0245715
1.00816 0.0245388
1.00581 0.024506
1.00355 0.0244732
1.00113 0.0244405
0.998336 0.0243992
0.995235 0.024358
# Group 2
0.922349 0.0194311
0.930449 0.0189725
0.93831 0.0185138
0.945694 0.0180552
0.952361 0.0175966
0.958073 0.0171379
0.962693 0.0168027
0.96649 0.0164674
0.969832 0.0161321
0.97309 0.0157968
0.976633 0.0154616
0.980749 0.0154938
0.985389 0.015526
0.990422 0.0155582
0.995717 0.0155904
1.00114 0.0156227
1.00658 0.0156565
1.01197 0.0156903
1.01727 0.0157241
1.02244 0.0157579
1.02742 0.0157917
1.03214 0.0158046
1.03631 0.0158175
1.03963 0.0158304
1.04177 0.0158432
1.04241 0.0158561
1.04141 0.0158314
1.03925 0.0158067
1.03656 0.015782
1.03401 0.0157573
1.03224 0.0157325
1.03173 0.0157319
1.03233 0.0157313
1.03375 0.0157307
1.03568 0.0157301
1.03781 0.0157295
1.03991 0.0157425
1.04208 0.0157556
1.0445 0.0157687
1.04734 0.0157817
1.05078 0.0157948
1.05487 0.0158109
1.05916 0.015827
1.06307 0.0158431
1.06601 0.0158592
1.06742 0.0158753
1.06694 0.0158605
1.06518 0.0158458
1.06298 0.015831
1.06119 0.0158163
1.06064 0.0158015
1.06195 0.0158193
1.06477 0.015837
1.06855 0.0158548
1.07273 0.0158726
1.07673 0.0158903
1.08012 0.0159033
1.08296 0.0159164
1.08543 0.0159294
1.08772 0.0159424
1.09001 0.0159554
1.09245 0.0159685
1.09502 0.0159815
1.09767 0.0159945
1.10035 0.0160076
1.10301 0.0160206
1.10565 0.0160422
1.10853 0.0160637
1.11194 0.0160853
1.11619 0.0161068
1.1216 0.0161284
1.12833 0.0161795
1.13608 0.0162306
1.1444 0.0162818
1.15285 0.0163329
1.16099 0.016384
1.16846 0.016422
1.17522 0.0164601
1.18133 0.0164981
1.18684 0.0165361
1.1918 0.0165741
1.19628 0.0165978
1.2004 0.0166214
1.20433 0.0166451
1.20821 0.0166688
1.21219 0.0166925
1.21639 0.0167178
1.22078 0.0167432
1.22531 0.0167686
1.22993 0.016794
1.23459 0.0168194
1.23925 0.0168461
1.24391 0.0168728
1.24862 0.0168996
1.25338 0.0169263
1.25824 0.016953
1.26324 0.0169867
1.2685 0.0170204
1.27417 0.017054
1.28038 0.0170877
1.28729 0.0171214
1.295 0.0171773
1.30356 0.0172332
1.31298 0.0172891
1.32326 0.017345
1.33441 0.0174009
1.34644 0.0174821
1.35931 0.0175634
1.37296 0.0176446
1.38734 0.0177258
1.40241 0.0178071
1.41811 0.0179053
1.43441 0.0180034
1.45126 0.0181016
1.46864 0.0181998
1.4865 0.0182979
1.50477 0.0183992
1.52312 0.0185004
1.54121 0.0186016
1.55868 0.0187028
1.57517 0.018804
1.59042 0.0188779
1.60458 0.0189518
1.61789 0.0190257
1.63059 0.0190996
1.64294 0.0191735
1.65509 0.0192326
1.6669 0.0192918
1.67814 0.019351
1.68858 0.0194101
1.69799 0.0194693
1.70619 0.0194997
1.71319 0.0195301
1.71903 0.0195604
1.72377 0.0195908
1.72746 0.0196212
1.73018 0.0196288
1.73214 0.0196365
1.73358 0.0196441
1.73475 0.0196517
1.73589 0.0196594
1.73725 0.0196753
1.73908 0.0196913
1.74166 0.0197072
1.74525 0.0197231
1.75013 0.0197391
1.7564 0.0197767
1.76357 0.0198143
1.77102 0.0198519
1.7781 0.0198895
1.78417 0.0199271
1.78883 0.0199494
1.79261 0.0199717
1.79624 0.0199939
1.8005 0.0200162
1.80614 0.0200384
1.81373 0.0200948
1.82318 0.0201512
1.83422 0.0202076
1.84657 0.020264
1.85997 0.0203204
1.87411 0.020392
1.88852 0.0204636
1.90272 0.0205352
1.9162 0.0206069
1.92847 0.0206785
1.93928 0.0207345
1.94933 0.0207905
1.95958 0.0208465
1.97098 0.0209025
1.98447 0.0209585
2.00075 0.0210589
2.01949 0.0211592
2.0401 0.0212596
2.062 0.02136
2.08461 0.0214603
2.10743 0.0215734
2.13036 0.0216866
2.1534 0.0217997
2.17654 0.0219128
2.19978 0.022026
2.22315 0.0221437
2.2469 0.0222615
2.2713 0.0223792
2.29664 0.022497
2.3232 0.0226147
2.35122 0.0227582
2.38075 0.0229017
2.41183 0.0230452
2.44446 0.0231888
2.47866 0.0233323
2.51431 0.0234909
2.55072 0.0236496
2.58706 0.0238083
2.62251 0.023967
2.65623 0.0241257
2.68773 0.0242601
2.7178 0.0243945
2.74759 0.024529
2.77821 0.0246634
2.81081 0.0247978
2.84621 0.0249614
2.88398 0.025125
2.9234 0.0252886
2.96375 0.0254522
3.0043 0.0256157
3.04441 0.0257742
3.0839 0.0259326
3.12263 0.026091
3.16051 0.0262494
3.19744 0.0264078
3.2335 0.0265603
3.26965 0.0267128
3.30706 0.0268653
3.34686 0.0270177
3.39024 0.0271702
3.43796 0.0273731
3.48932 0.027576
3.54323 0.0277789
3.59861 0.0279818
3.65436 0.0281847
3.70967 0.0283913
3.76486 0.028598
3.82049 0.0288046
3.87716 0.0290112
3.93543 0.0292178
3.99582 0.0294496
4.05851 0.0296814
4.12361 0.0299132
4.19122 0.030145
4.26146 0.0303768
4.33446 0.0306459
4.41046 0.0309151
4.48975 0.0311842
4.5726 0.0314533
4.65929 0.0317225
4.7499 0.0320323
4.84375 0.0323421
4.93998 0.0326519
5.03772 0.0329617
5.13609 0.0332715
5.2345 0.0335835
5.33347 0.0338955
5.43381 0.0342075
5.53633 0.0345195
5.64181 0.0348315
5.75095 0.0351747
5.8639 0.0355179
5.98074 0.0358611
6.1015 0.0362043
6.22623 0.0365475
6.35506 0.0369339
6.48834 0.0373203
6.6265 0.0377066
6.76998 0.038093
6.9192 0.0384794
7.07435 0.0389134
7.23466 0.0393475
7.39912 0.0397815
7.56672 0.0402156
7.73645 0.0406496
7.90782 0.0411067
8.08251 0.0415638
8.26269 0.042021
8.45056 0.0424781
8.64831 0.0429352
8.85749 0.0434725
9.0771 0.0440099
9.3055 0.0445472
9.54104 0.0450845
9.78209 0.0456219
10.0275 0.0462001
10.2781 0.0467783
10.5351 0.0473565
10.7999 0.0479347
11.0738 0.048513
11.3577 0.0491445
11.6507 0.049776
11.9516 0.0504075
12.2593 0.0510391
12.5726 0.0516706
12.8907 0.0523361
13.2153 0.0530017
13.5487 0.0536672
13.8929 0.0543327
14.2503 0.0549983
14.6223 0.0557352
15.0076 0.0564721
15.4042 0.057209
15.8101 0.057946
16.2233 0.0586829
16.6426 0.0594598
17.0703 0.0602367
17.5097 0.0610136
17.9639 0.0617905
18.4362 0.0625674
18.9289 0.063439
19.4413 0.0643106
19.9716 0.0651822
20.5184 0.0660538
21.08 0.0669255
21.6559 0.0678826
22.2493 0.0688397
22.8647 0.0697969
23.5065 0.070754
24.1791 0.0717111
24.886 0.0728324
25.6284 0.0739537
26.4065 0.0750749
27.2206 0.0761962
28.071 0.0773174
28.9592 0.0786423
29.8918 0.0799672
30.8765 0.081292
31.9211 0.0826169
33.0333 0.0839418
34.2193 0.085575
35.4795 0.0872083
36.8124 0.0888415
38.2166 0.0904748
39.6909 0.092108
41.2381 0.0940918
42.8776 0.0960756
44.633 0.0980594
46.5279 0.100043
48.586 0.102027
50.8289 0.104689
53.2712 0.107351
55.9252 0.110013
58.8035 0.112675
61.9188 0.115337
65.2891 0.118889
68.9558 0.12244
72.9655 0.125992
77.3651 0.129544
82.2015 0.133095
87.5263 0.138039
93.4108 0.142983
99.9309 0.147926
107.163 0.15287
115.182 0.157814
124.075 0.164774
133.966 0.171735
144.989 0.178696
157.277 0.185657
170.966 0.192617
186.191 0.202199
203.109 0.211781
221.876 0.221363
242.65 0.230945
265.59 0.240526
290.861 0.252982
318.663 0.265438
349.205 0.277894
382.694 0.29035
419.34 0.302806
459.343 0.318145
502.874 0.333485
550.098 0.348824
601.177 0.364164
656.278 0.379503
715.547 0.397266
779.076 0.415028
846.938 0.43279
919.208 0.450552
995.961 0.468314
1077.25 0.487736
1163.05 0.507158
1253.32 0.526579
1348 0.546001
1447.06 0.565422
1550.41 0.585574
1657.85 0.605727
1769.14 0.625879
1884.05 0.646031
2002.34 0.666183
2123.74 0.685948
2247.86 0.705712
2374.26 0.725477
2502.5 0.745241
2632.16 0.765006
2762.76 0.783093
2893.65 0.80118
3024.13 0.819267
3153.53 0.837354
3281.14 0.855441
3406.26 0.870371
3528.17 0.885301
3646.12 0.900231
3759.39 0.915161
3867.22 0.930091
3968.89 0.940488
4063.66 0.950884
4150.79 0.96128
4229.56 0.971676
4299.22 0.982073
4359.08 0.986688
4408.66 0.991303
4447.5 0.995918
4475.14 1.00053
4491.14 1.00515
4495.11 1.00311
4486.91 1.00107
4466.47 0.999033
4433.71 0.996994
4388.57 0.994955
4331.08 0.985926
4261.74 0.976898
4181.16 0.967869
4089.95 0.958841
3988.71 0.949812
3878.11 0.934435
3759.02 0.919059
3632.38 0.903682
3499.13 0.888305
3360.18 0.872928
3216.5 0.852563
3069.1 0.832198
2919.01 0.811833
2767.27 0.791467
2614.9 0.771102
2462.9 0.747647
2312.1 0.724193
2163.28 0.700739
2017.23 0.677284
1874.74 0.65383
1736.54 0.629441
1603.18 0.605052
1475.15 0.580663
1352.94 0.556274
1237.04 0.531885
1127.86 0.50893
1025.44 0.485975
929.761 0.46302
840.792 0.440065
758.499 0.417111
682.808 0.397364
613.464 0.377618
550.169 0.357872
492.623 0.338126
440.528 0.31838
393.575 0.30277
351.416 0.28716
313.692 0.27155
280.045 0.25594
250.117 0.24033
223.563 0.229007
200.098 0.217684
179.45 0.206361
161.348 0.195038
145.52 0.183715
131.705 0.176312
119.686 0.168909
109.255 0.161505
100.204 0.154102
92.3277 0.146699
85.436 0.14215
79.4139 0.137602
74.1648 0.133053
69.592 0.128505
65.5989 0.123956
62.0959 0.121246
59.0222 0.118536
56.324 0.115826
53.9477 0.113115
51.8396 0.110405
49.9507 0.108697
48.2502 0.106989
46.7123 0.105281
45.311 0.103573
44.0203 0.101865
42.8167 0.100587
41.6861 0.0993087
40.6171 0.0980305
39.5981 0.0967523
38.6175 0.0954742
37.6655 0.0943247
36.7385 0.0931751
35.8348 0.0920256
34.9525 0.0908761
34.0897 0.0897266
33.245 0.0886258
32.4177 0.0875251
31.6075 0.0864243
30.8141 0.0853235
30.0371 0.0842227
29.2762 0.0831636
28.5309 0.0821046
27.8006 0.0810455
27.0848 0.0799864
26.383 0.0789273
25.6943 0.0778921
25.0172 0.0768569
24.3501 0.0758216
23.6911 0.0747864
23.0386 0.0737512
22.3916 0.0727166
21.7529 0.0716819
21.1261 0.0706472
20.5148 0.0696125
19.9225 0.0685779
19.3519 0.0676238
18.8016 0.0666697
18.2692 0.0657156
17.7523 0.0647615
17.2486 0.0638074
16.7562 0.0629184
16.2764 0.0620294
15.8108 0.0611404
15.3613 0.0602515
14.9295 0.0593625
14.5167 0.0585805
14.1221 0.0577985
13.7441 0.0570165
13.3814 0.0562346
13.0326 0.0554526
12.6967 0.054776
12.3743 0.0540994
12.0665 0.0534229
11.7744 0.0527463
11.4992 0.0520697
11.2413 0.0515273
10.9989 0.0509849
10.7698 0.0504426
10.5516 0.0499002
10.342 0.0493578
10.1393 0.048907
9.94459 0.0484562
9.75975 0.0480053
9.58656 0.0475545
9.42683 0.0471037
9.28166 0.046786
9.14941 0.0464683
9.02774 0.0461506
8.91428 0.0458329
8.80671 0.0455151
8.70308 0.0452618
8.60306 0.0450084
8.50672 0.0447551
8.41415 0.0445017
8.3254 0.0442484
8.24061 0.0440461
8.16006 0.0438439
8.0841 0.0436416
8.01307 0.0434394
7.9473 0.0432372
7.8869 0.0430927
7.83093 0.0429483
7.77823 0.0428038
7.72764 0.0426594
7.67798 0.0425149
7.6283 0.0423804
7.57849 0.0422459
7.52863 0.0421113
7.47884 0.0419768
7.42919 0.0418422
7.37967 0.0417008
7.32969 0.0415593
7.27855 0.0414179
7.22554 0.0412764
7.16996 0.0411349
7.11139 0.0409642
7.05059 0.0407934
6.98861 0.0406226
6.9265 0.0404519
6.86532 0.0402811
6.8058 0.040113
6.74747 0.0399449
6.68951 0.0397767
6.63114 0.0396086
6.57156 0.0394405
6.51021 0.0392562
6.4475 0.039072
6.38407 0.0388877
6.32055 0.0387035
6.25759 0.0385192
6.19569 0.0383378
6.13485 0.0381564
6.07493 0.037975
6.01578 0.0377936
5.95727 0.0376122
5.89934 0.0374399
5.84233 0.0372676
5.78665 0.0370954
5.73273 0.0369231
5.681 0.0367508
5.6317 0.0366032
5.58443 0.0364555
5.53859 0.0363078
5.4936 0.0361601
5.44889 0.0360124
5.40399 0.0358673
5.35898 0.0357222
5.31406 0.0355771
5.26944 0.035432
5.2253 0.0352869
5.18181 0.0351451
5.13891 0.0350034
5.09651 0.0348616
5.05449 0.0347198
5.01277 0.0345781
4.97126 0.0344408
4.93006 0.0343036
4.88925 0.0341664
4.84896 0.0340291
4.8093 0.0338919
4.7703 0.0337604
4.73179 0.0336289
4.69353 0.0334975
4.65527 0.033366
4.61678 0.0332345
4.57795 0.0331051
4.53928 0.0329756
4.50142 0.0328461
4.46501 0.0327167
4.43068 0.0325872
4.39878 0.0324805
4.36849 0.0323737
4.33869 0.032267
4.30825 0.0321602
4.27606 0.0320535
4.24138 0.0319298
4.20503 0.031806
4.16821 0.0316823
4.13212 0.0315586
4.09797 0.0314349
4.06665 0.0313421
4.0378 0.0312493
4.01074 0.0311566
3.98479 0.0310638
3.9593 0.030971
3.93372 0.0308912
3.90807 0.0308114
3.88255 0.0307316
3.8573 0.0306518
3.8325 0.030572
3.80823 0.0304984
3.78419 0.0304248
3.75996 0.0303512
3.73516 0.0302776
3.70938 0.030204
3.68242 0.0301225
3.65487 0.030041
3.62752 0.0299594
3.60115 0.0298779
3.57656 0.0297964
3.55435 0.0297464
3.53443 0.0296964
3.51653 0.0296463
3.50039 0.0295963
3.48573 0.0295463
3.4722 0.0295124
3.45907 0.0294784
3.44553 0.0294445
3.43076 0.0294105
3.41394 0.0293766
3.39457 0.0293095
3.37343 0.0292425
3.35163 0.0291754
3.33024 0.0291084
3.31037 0.0290413
3.29278 0.0289905
3.2769 0.0289396
3.26181 0.0288888
3.2466 0.0288379
3.23036 0.0287871
3.2125 0.028724
3.19369 0.028661
3.17491 0.028598
3.15715 0.028535
3.14141 0.028472
3.12829 0.0284327
3.11695 0.0283934
3.10618 0.0283541
3.09477 0.0283149
3.08151 0.0282756
3.06557 0.028205
3.04764 0.0281345
3.02882 0.0280639
3.01018 0.0279934
2.99281 0.0279228
2.97745 0.0278617
2.96341 0.0278006
2.94968 0.0277396
2.93522 0.0276785
2.91901 0.0276174
2.90037 0.0275218
2.87998 0.0274263
2.85887 0.0273307
2.83806 0.0272352
2.81859 0.0271396
2.80115 0.027048
2.78513 0.0269563
2.76962 0.0268647
2.75367 0.0267731
2.73635 0.0266814
2.71706 0.02657
2.69646 0.0264585
2.67555 0.0263471
2.65533 0.0262357
2.63679 0.0261242
2.62061 0.0260245
2.60622 0.0259247
2.59274 0.0258249
2.57926 0.0257252
2.56492 0.0256254
2.54909 0.0255112
2.5323 0.0253969
2.51535 0.0252826
2.49903 0.0251684
2.48416 0.0250541
2.47132 0.0249735
2.46031 0.0248928
2.45071 0.0248121
2.44211 0.0247314
2.4341 0.0246507
2.42629 0.0245801
2.4184 0.0245095
2.41018 0.0244389
2.40136 0.0243683
2.39168 0.0242977
2.38097 0.0242071
2.36933 0.0241165
2.35692 0.024026
2.34391 0.0239354
2.33049 0.0238448
2.3169 0.0237637
2.30371 0.0236827
2.29156 0.0236016
2.28111 0.0235206
2.27299 0.0234395
2.26755 0.0234028
2.26391 0.023366
2.26088 0.0233292
2.25726 0.0232925
2.25187 0.0232557
2.2439 0.0231906
2.23397 0.0231255
2.22309 0.0230604
2.21229 0.0229953
2.20255 0.0229302
2.19465 0.0228879
2.18834 0.0228457
2.18317 0.0228034
2.17864 0.0227612
2.17428 0.0227189
2.16962 0.0226635
2.16426 0.0226081
2.15782 0.0225527
2.14989 0.0224973
2.14009 0.0224419
2.12821 0.0223508
2.11478 0.0222597
2.1005 0.0221685
2.0861 0.0220774
2.07229 0.0219863
2.05961 0.0219079
2.04805 0.0218296
2.03742 0.0217512
2.02752 0.0216728
2.01818 0.0215944
2.00917 0.0215141
2.0001 0.0214338
1.99056 0.0213535
1.98011 0.0212732
1.96834 0.0211929
1.955 0.0210972
1.94062 0.0210015
1.92589 0.0209057
1.91151 0.02081
1.8982 0.0207142
1.8865 0.0206513
1.87638 0.0205883
1.86768 0.0205253
1.86021 0.0204624
1.85381 0.0203994
1.84823 0.0203628
1.84299 0.0203262
1.83754 0.0202895
1.83134 0.0202529
1.82384 0.0202163
1.81469 0.0201552
1.80435 0.0200942
1.79344 0.0200331
1.78262 0.0199721
1.77253 0.019911
1.76365 0.0198745
1.75583 0.019838
1.74877 0.0198016
1.74214 0.0197651
1.73564 0.0197286
1.72901 0.0196957
1.72213 0.0196628
1.71497 0.0196299
1.70746 0.019597
1.69955 0.0195641
1.69127 0.019543
1.68298 0.0195218
1.67511 0.0195007
1.6681 0.0194796
1.6624 0.0194585
1.65826 0.0194578
1.65517 0.0194571
1.65247 0.0194564
1.64946 0.0194557
1.64548 0.019455
1.64003 0.019439
1.63347 0.019423
1.62636 0.019407
1.61925 0.019391
1.6127 0.0193749
1.60711 0.0193756
1.60231 0.0193763
1.59795 0.0193769
1.59372 0.0193776
1.58929 0.0193782
1.58446 0.0193828
1.57952 0.0193874
1.57492 0.0193919
1.57109 0.0193965
1.56846 0.019401
1.56723 0.0194139
1.56664 0.0194267
1.56569 0.0194396
1.56339 0.0194524
1.55875 0.0194653
1.55114 0.0194322
1.54145 0.019399
1.53095 0.0193659
1.5209 0.0193328
1.51258 0.0192997
1.50695 0.0193106
1.50382 0.0193215
1.50269 0.0193325
1.50307 0.0193434
1.50447 0.0193544
1.5064 0.0193784
1.50836 0.0194025
1.50986 0.0194265
1.51042 0.0194505
1.50953 0.0194746
1.50688 0.0194538
1.50275 0.0194331
1.49761 0.0194123
1.49193 0.0193915
1.48615 0.0193708
1.48069 0.0193498
1.47577 0.0193288
1.47154 0.0193078
1.46816 0.0192868
1.4658 0.0192658
1.46457 0.0192731
1.46441 0.0192803
1.46523 0.0192876
1.46693 0.0192948
1.46941 0.0193021
1.47241 0.0193028
1.47499 0.0193035
1.47609 0.0193042
1.47462 0.0193049
1.46949 0.0193056
1.46013 0.0192309
1.44801 0.0191563
1.43511 0.0190816
1.42342 0.0190069
1.41491 0.0189322
1.411 0.0189339
1.41076 0.0189356
1.41272 0.0189373
1.41537 0.018939
1.41724 0.0189407
1.41717 0.0189227
1.4154 0.0189046
1.41247 0.0188865
1.40897 0.0188685
1.40545 0.0188504
1.40234 0.0188271
1.3995 0.0188038
1.39663 0.0187804
1.39346 0.0187571
1.38968 0.0187337
1.38518 0.018706
1.38039 0.0186782
1.37594 0.0186505
1.37243 0.0186228
1.37047 0.018595
1.37046 0.0186051
1.37197 0.0186151
1.37438 0.0186252
1.37704 0.0186353
1.37934 0.0186453
1.38075 0.0186404
1.3812 0.0186355
1.38076 0.0186306
1.37948 0.0186257
1.37742 0.0186208
1.37469 0.0186035
1.3717 0.0185863
1.3689 0.018569
1.36678 0.0185517
1.36578 0.0185344
1.36621 0.0185414
1.36764 0.0185485
1.36949 0.0185555
1.37117 0.0185625
1.37207 0.0185695
1.3718 0.0185604
1.37065 0.0185514
1.3691 0.0185424
1.36764 0.0185334
1.36675 0.0185244
1.36672 0.0185202
1.36708 0.0185161
1.36719 0.0185119
1.36639 0.0185077
1.36401 0.0185036
1.35969 0.0184702
1.35411 0.0184369
1.34825 0.0184036
1.34309 0.0183702
1.33961 0.0183369
1.33847 0.0183436
1.33923 0.0183503
1.34112 0.0183569
1.34339 0.0183636
1.34529 0.0183703
1.3462 0.0183637
1.34607 0.0183571
1.34499 0.0183505
1.34304 0.0183438
1.34033 0.0183372
1.33698 0.0183134
1.33326 0.0182897
1.32951 0.0182659
1.32605 0.0182422
1.3232 0.0182184
1.32122 0.0182147
1.32009 0.018211
1.31972 0.0182073
1.32002 0.0182036
1.3209 0.0181999
1.32228 0.0182128
1.32405 0.0182257
1.32612 0.0182386
1.32838 0.0182515
1.33073 0.0182644
1.33303 0.0182703
1.33495 0.0182763
1.33614 0.0182823
1.33622 0.0182883
1.33484 0.0182943
1.33178 0.0182643
1.32749 0.0182344
1.32259 0.0182044
1.31767 0.0181744
1.31336 0.0181444
1.3101 0.018132
1.30783 0.0181196
1.30629 0.0181072
1.30527 0.0180948
1.30453 0.0180825
1.30387 0.0180779
1.30325 0.0180734
1.30267 0.0180689
1.30213 0.0180643
1.30163 0.0180598
1.3011 0.0180493
1.30035 0.0180388
1.29909 0.0180282
1.29708 0.0180177
1.29405 0.0180072
1.28987 0.0179755
1.28498 0.0179439
1.27995 0.0179123
1.27535 0.0178807
1.27176 0.0178491
1.26961 0.0178502
1.26884 0.0178513
1.26923 0.0178524
1.27058 0.0178535
1.27269 0.0178546
1.2753 0.0178673
1.27804 0.0178801
1.28047 0.0178929
1.28217 0.0179056
1.28269 0.0179184
1.28176 0.0179001
1.27962 0.0178819
1.27666 0.0178636
1.27325 0.0178454
1.26979 0.0178271
1.26663 0.0178153
1.26403 0.0178036
1.2622 0.0177918
1.26139 0.01778
1.26181 0.0177682
1.26354 0.0177813
1.26607 0.0177944
