-1987.5 0.0 0.0006323151144346918 0.5254983983007055 0.756135 
-1982.5 0.0 0.0007696436448447416 0.5255560026822074 0.767459 
-1977.5 5.137554785230615e-07 0.43743538643255464 0.5256136070637092 0.778527 
-1972.5 5.253191415583051e-07 0.43978519757551776 0.5256712114452111 0.789082 
-1967.5 5.27903954496393e-07 0.44198274266892507 0.5257288158267129 0.798871 
-1962.5 5.303875656879153e-07 0.44407531024423025 0.5257864202082148 0.807635 
-1957.5 5.32716686476991e-07 0.44603118012294457 0.5258440245897166 0.815232 
-1952.5 5.34842527844976e-07 0.4478133253034113 0.5259016289712184 0.821961 
-1947.5 5.367209397626386e-07 0.44938636050121683 0.5259592333527202 0.828233 
-1942.5 5.383511657467408e-07 0.45075095365921325 0.526016837734222 0.834461 
-1937.5 5.397411846765791e-07 0.45191425066086355 0.5260744421157239 0.841055 
-1932.5 5.409002546235241e-07 0.4528842245519018 0.5261320464972257 0.848289 
-1927.5 5.418365137265015e-07 0.4536678184434424 0.5261896508787275 0.855884 
-1922.5 5.425911355740668e-07 0.454300059782259 0.5262472552602293 0.863424 
-1917.5 5.433346729795699e-07 0.45492543821610093 0.5263048596417311 0.870491 
-1912.5 5.442741234956046e-07 0.45571752285645817 0.526362464023233 0.876668 
-1907.5 5.456159420584734e-07 0.4568489109598167 0.5264200684047349 0.881705 
-1902.5 5.475665636970256e-07 0.4584921662385467 0.5264776727862367 0.886014 
-1897.5 5.502742916052383e-07 0.46077037534471 0.5265352771677385 0.890171 
-1892.5 5.536459074781674e-07 0.4636021758220702 0.5265928815492403 0.894756 
-1887.5 5.575258607032816e-07 0.46685672407445383 0.5266504859307422 0.900347 
-1882.5 5.617553057081153e-07 0.4704012054845273 0.526708090312244 0.907252 
-1877.5 5.66177636785095e-07 0.4741047325357636 0.5267656946937458 0.914704 
-1872.5 5.70639707561252e-07 0.4778393222795061 0.5268232990752476 0.921668 
-1867.5 5.749964102652756e-07 0.4814837744392897 0.5268809034567494 0.927109 
-1862.5 5.791050561578289e-07 0.48491883283606596 0.5269385078382512 0.92999 
-1857.5 5.828264158341809e-07 0.48802815871222316 0.5269961122197531 0.92964 
-1852.5 5.860179000922628e-07 0.49069254488972014 0.5270537166012549 0.926849 
-1847.5 5.886098097612103e-07 0.49285486372696774 0.5271113209827567 0.922769 
-1842.5 5.908277984412516e-07 0.4947079696019364 0.5271689253642586 0.918553 
-1837.5 5.929721860895177e-07 0.49650389076619783 0.5272265297457605 0.915354 
-1832.5 5.953456468577105e-07 0.49849564504156213 0.5272841341272623 0.914049 
-1827.5 5.982508748049848e-07 0.5009362043146856 0.5273417385087641 0.914414 
-1822.5 6.018765800005504e-07 0.5039815454655996 0.5273993428902659 0.915946 
-1817.5 6.059581051680689e-07 0.507403949043953 0.5274569472717677 0.918144 
-1812.5 6.101100655295187e-07 0.5108796609077303 0.5275145516532695 0.920507 
-1807.5 6.139451054689693e-07 0.5140848783010058 0.5275721560347714 0.922631 
-1802.5 6.170747295305907e-07 0.516694850930532 0.5276297604162732 0.924511 
-1797.5 6.191856517844632e-07 0.5184488423250389 0.527687364797775 0.926236 
-1792.5 6.20258839046768e-07 0.5193351356075926 0.5277449691792768 0.9279 
-1787.5 6.203567436225311e-07 0.5194070130088484 0.5278025735607786 0.929593 
-1782.5 6.195408719363737e-07 0.518715874588835 0.5278601779422805 0.931349 
-1777.5 6.178738304379087e-07 0.5173141458230007 0.5279177823237823 0.932966 
-1772.5 6.155048733165617e-07 0.5153279789674581 0.5279753867052842 0.934184 
-1767.5 6.129358384172664e-07 0.5131819571212641 0.528032991086786 0.934745 
-1762.5 6.107601830731339e-07 0.5113734148325977 0.5280905954682878 0.934387 
-1757.5 6.095762771959957e-07 0.5104026128580765 0.5281481998497897 0.933015 
-1752.5 6.099779910604456e-07 0.5107658683790812 0.5282058042312915 0.931187 
-1747.5 6.124018174051387e-07 0.512825632848762 0.5282634086127933 0.929625 
-1742.5 6.166306531575381e-07 0.5163910949407005 0.5283210129942951 0.929051 
-1737.5 6.222764505031621e-07 0.5211356231663304 0.5283786173757969 0.930186 
-1732.5 6.289460949042219e-07 0.5267305604393892 0.5284362217572988 0.933486 
-1727.5 6.362487116878206e-07 0.5328491593980621 0.5284938261388006 0.938331 
-1722.5 6.43791186316169e-07 0.5391627270894552 0.5285514305203024 0.943837 
-1717.5 6.511860636360688e-07 0.5453474125459004 0.5286090349018042 0.949118 
-1712.5 6.58040288832092e-07 0.55107453261665 0.528666639283306 0.953289 
-1707.5 6.639652669111403e-07 0.5560193038706944 0.528724243664808 0.95569 
-1702.5 6.685713426700309e-07 0.5598560602671145 0.5287818480463098 0.956563 
-1697.5 6.716329779436487e-07 0.562398819768762 0.5288394524278116 0.956374 
-1692.5 6.735874685419873e-07 0.5640226148945847 0.5288970568093134 0.955591 
-1687.5 6.750477736362132e-07 0.5652421687500784 0.5289546611908152 0.954681 
-1682.5 6.766297190708146e-07 0.5665722767578333 0.5290122655723171 0.954092 
-1677.5 6.789491306902798e-07 0.5685277041952546 0.5290698699538189 0.954204 
-1672.5 6.825124097087495e-07 0.5715301017203515 0.5291274743353207 0.955374 
-1667.5 6.873783688241274e-07 0.5756222666483372 0.5291850787168225 0.957964 
-1662.5 6.934908919694008e-07 0.5807557947761889 0.5292426830983243 0.962332 
-1657.5 7.007885722572169e-07 0.5868793010740783 0.5293002874798262 0.968676 
-1652.5 7.092122227576608e-07 0.5939432691158697 0.529357891861328 0.976538 
-1647.5 7.186058099642715e-07 0.6018157247585105 0.5294154962428298 0.985296 
-1642.5 7.284229228313142e-07 0.6100342876512788 0.5294731006243317 0.99433 
-1637.5 7.380168949996114e-07 0.6180570350123047 0.5295307050058335 1.00302 
-1632.5 7.467382878588889e-07 0.6253410537236967 0.5295883093873354 1.01086 
-1627.5 7.539365030515193e-07 0.6313425461160485 0.5296459137688372 1.01784 
-1622.5 7.591558349352289e-07 0.6356835805269229 0.529703518150339 1.02408 
-1617.5 7.627202130138451e-07 0.6386460701409722 0.5297611225318408 1.02968 
-1612.5 7.65160896550024e-07 0.6406768413769725 0.5298187269133426 1.03474 
-1607.5 7.670102493937388e-07 0.642220876104627 0.5298763312948445 1.03938 
-1602.5 7.688028752598547e-07 0.6437250803472025 0.5299339356763463 1.0437 
-1597.5 7.709833703260871e-07 0.6455597434842886 0.5299915400578481 1.04777 
-1592.5 7.736322889932868e-07 0.6477870402877484 0.5300491444393499 1.0517 
-1587.5 7.767360874197934e-07 0.650394448093851 0.5301067488208517 1.05558 
-1582.5 7.802785490501169e-07 0.6533684312850969 0.5301643532023536 1.05951 
-1577.5 7.84242297581415e-07 0.6566944823114399 0.5302219575838555 1.06366 
-1572.5 7.886361531210788e-07 0.6603803932854719 0.5302795619653573 1.06818 
-1567.5 7.935696995590854e-07 0.6645192151095799 0.5303371663468591 1.07326 
-1562.5 7.991793491191188e-07 0.6692253299603532 0.5303947707283609 1.07907 
-1557.5 8.056008121489438e-07 0.6746121443518999 0.5304523751098628 1.08569 
-1552.5 8.12970918928771e-07 0.6807939749116121 0.5305099794913646 1.09284 
-1547.5 8.213045567770225e-07 0.6877813504993028 0.5305675838728664 1.10018 
-1542.5 8.301254915977146e-07 0.6951691328955454 0.5306251882543682 1.10735 
-1537.5 8.38828125967915e-07 0.7024493672777236 0.53068279263587 1.11398 
-1532.5 8.468058921145064e-07 0.7091150390082793 0.5307403970173719 1.11986 
-1527.5 8.534511023319257e-07 0.7146582650548876 0.5307980013988737 1.12538 
-1522.5 8.583897161865449e-07 0.7187700078445696 0.5308556057803755 1.13103 
-1517.5 8.621955617094808e-07 0.7219435007787162 0.5309132101618773 1.13735 
-1512.5 8.656926174828428e-07 0.7248708342948512 0.5309708145433791 1.14485 
-1507.5 8.697089431167341e-07 0.7282441862525466 0.5310284189248811 1.15389 
-1502.5 8.75073738061157e-07 0.7327566114548593 0.5310860233063829 1.16426 
-1497.5 8.823574780163911e-07 0.7388809931312702 0.5311436276878847 1.17557 
-1492.5 8.91101403621129e-07 0.7462191516248465 0.5312012320693865 1.18744 
-1487.5 9.005735345757743e-07 0.7541556210775895 0.5312588364508883 1.19951 
-1482.5 9.100351516313187e-07 0.7620728992335556 0.5313164408323902 1.21151 
-1477.5 9.187497754036458e-07 0.7693555005479867 0.531374045213892 1.22361 
-1472.5 9.26214633502935e-07 0.7755867806579088 0.5314316495953938 1.2361 
-1467.5 9.32883940723306e-07 0.7811601165838576 0.5314892539768956 1.24928 
-1462.5 9.394622216695008e-07 0.7866677524178862 0.5315468583583974 1.26344 
-1457.5 9.466592218141542e-07 0.7927030098386555 0.5316044627398993 1.27882 
-1452.5 9.551835666974546e-07 0.7998582239633492 0.5316620671214011 1.29557 
-1447.5 9.656378568414883e-07 0.808635527170343 0.5317196715029029 1.31376 
-1442.5 9.78179443654264e-07 0.8191601403136082 0.5317772758844048 1.3335 
-1437.5 9.92850789593781e-07 0.8314660875978229 0.5318348802659066 1.35487 
-1432.5 1.0096947654971959e-06 0.8455892599593101 0.5318924846474085 1.37792 
-1427.5 1.0287497226569756e-06 0.8615616230136037 0.5319500890289103 1.40249 
-1422.5 1.0499969407407983e-06 0.8793666252412614 0.5320076934104121 1.42837 
-1417.5 1.073172778305178e-06 0.8987803563204116 0.5320652977919139 1.45536 
-1412.5 1.09795006203678e-06 0.919528453654437 0.5321229021734157 1.48325 
-1407.5 1.1239994435947818e-06 0.9413355506685975 0.5321805065549176 1.51176 
-1402.5 1.1509926945708064e-06 0.9639272385734338 0.5322381109364194 1.54028 
-1397.5 1.1786061658235285e-06 0.9870329780213057 0.5322957153179212 1.56815 
-1392.5 1.2065048894424426e-06 1.0103725497695204 0.532353319699423 1.5947 
-1387.5 1.2343856139596917e-06 1.0336928556653884 0.5324109240809248 1.61925 
-1382.5 1.2619125899590363e-06 1.0567127318807024 0.5324685284624266 1.64134 
-1377.5 1.2887836859050656e-06 1.0791801109802137 0.5325261328439286 1.66138 
-1372.5 1.3147657578799443e-06 1.100901156027141 0.5325837372254304 1.68 
-1367.5 1.3399802067818875e-06 1.1219824003196535 0.5326413416069322 1.69781 
-1362.5 1.3646685888096805e-06 1.1426273496004424 0.532698945988434 1.71543 
-1357.5 1.3890858493064656e-06 1.1630492209285779 0.5327565503699359 1.73332 
-1352.5 1.4134415390939435e-06 1.183422438298838 0.5328141547514377 1.7513 
-1347.5 1.4378532255037128e-06 1.2038437597127447 0.5328717591329395 1.769 
-1342.5 1.4618441665233643e-06 1.2239061169615284 0.5329293635144413 1.78608 
-1337.5 1.4847904874766668e-06 1.2430860293079424 0.5329869678959431 1.80218 
-1332.5 1.5060773231919485e-06 1.2608696427290926 0.533044572277445 1.81693 
-1327.5 1.5250786091730802e-06 1.2767334507340817 0.5331021766589468 1.82986 
-1322.5 1.5412820658393409e-06 1.2902509150712655 0.5331597810404486 1.84053 
-1317.5 1.554530754724205e-06 1.301295885110437 0.5332173854219504 1.84844 
-1312.5 1.564787892661717e-06 1.3098392059023811 0.5332749898034523 1.85314 
-1307.5 1.5720414840292737e-06 1.3158711658871447 0.5333325941849542 1.85434 
-1302.5 1.5762457361563607e-06 1.3193530735447019 0.533390198566456 1.85251 
-1297.5 1.5774682431388006e-06 1.3203432389193115 0.5334478029479578 1.84829 
-1292.5 1.5762345257775606e-06 1.319287540616842 0.5335054073294596 1.84236 
-1287.5 1.5731464582490283e-06 1.316690120542848 0.5335630117109614 1.83535 
-1282.5 1.5688299059747976e-06 1.3130745346700963 0.5336206160924633 1.8279 
-1277.5 1.5639111325255339e-06 1.30896431785239 0.5336782204739651 1.82043 
-1272.5 1.5589252142799474e-06 1.3048054220708292 0.5337358248554669 1.81334 
-1267.5 1.5540864798486091e-06 1.3007724873171382 0.5337934292369687 1.80705 
-1262.5 1.5494896997651286e-06 1.2969431861549863 0.5338510336184705 1.80193 
-1257.5 1.5452618490147363e-06 1.2934241871171772 0.5339086379999723 1.79829 
-1252.5 1.5415077030082828e-06 1.2903027488387762 0.5339662423814742 1.79592 
-1247.5 1.538286045411567e-06 1.287627298945718 0.5340238467629761 1.79451 
-1242.5 1.5353927004153684e-06 1.2852234169417862 0.5340814511444779 1.79376 
-1237.5 1.5325619215011583e-06 1.282868176605508 0.5341390555259797 1.79335 
-1232.5 1.529526966777727e-06 1.280338642518053 0.5341966599074816 1.79307 
-1227.5 1.5260210943538651e-06 1.2774119484978725 0.5342542642889834 1.79309 
-1222.5 1.5219371399242871e-06 1.274001018575283 0.5343118686704852 1.79366 
-1217.5 1.517786239772922e-06 1.2705419987745132 0.534369473051987 1.79504 
-1212.5 1.5142384593955884e-06 1.2675971488247122 0.5344270774334888 1.79749 
-1207.5 1.5119892490550651e-06 1.2657481530101862 0.5344846818149906 1.80123 
-1202.5 1.511700261966219e-06 1.265547587102246 0.5345422861964925 1.80633 
-1197.5 1.5138957733323747e-06 1.2674316067117828 0.5345998905779943 1.81281 
-1192.5 1.5184821559167134e-06 1.2713131444582109 0.5346574949594961 1.82071 
-1187.5 1.5251954548715324e-06 1.276969324373579 0.5347150993409979 1.83005 
-1182.5 1.5337575299066283e-06 1.284167502542295 0.5347727037224999 1.84081 
-1177.5 1.5438900416572606e-06 1.292675026722002 0.5348303081040017 1.85267 
-1172.5 1.555371642753661e-06 1.3023077043426123 0.5348879124855035 1.86526 
-1167.5 1.5681073635876842e-06 1.3129879294813938 0.5349455168670053 1.87823 
-1162.5 1.5820614163660562e-06 1.3246865613738155 0.5350031212485071 1.89121 
-1157.5 1.5971876102691895e-06 1.3373647804596465 0.535060725630009 1.904 
-1152.5 1.6134281570039663e-06 1.3509740499197247 0.5351183300115108 1.91714 
-1147.5 1.6306794756067541e-06 1.365426988099268 0.5351759343930126 1.93136 
-1142.5 1.6484724400479486e-06 1.3803261814527947 0.5352335387745144 1.94735 
-1137.5 1.6662631635188171e-06 1.395216009058603 0.5352911431560162 1.96585 
-1132.5 1.6835179631624043e-06 1.4096505369950025 0.535348747537518 1.98727 
-1127.5 1.6996805583983016e-06 1.4231645952388088 0.5354063519190199 2.01087 
-1122.5 1.7145020272698813e-06 1.435554869363448 0.5354639563005217 2.03562 
-1117.5 1.7288330691364749e-06 1.4475482295214384 0.5355215606820236 2.06047 
-1112.5 1.7438398528867563e-06 1.4601237245742693 0.5355791650635254 2.0844 
-1107.5 1.7606937233473415e-06 1.4742604993436648 0.5356367694450272 2.10668 
-1102.5 1.780554626945852e-06 1.4909278758687707 0.5356943738265291 2.12784 
-1097.5 1.804228960666542e-06 1.510794487376603 0.5357519782080309 2.14872 
-1092.5 1.8311035487077124e-06 1.5333274931126413 0.5358095825895327 2.17018 
-1087.5 1.8601871796563342e-06 1.5576933321827473 0.5358671869710345 2.19304 
-1082.5 1.8904710723897595e-06 1.5830486006894657 0.5359247913525363 2.21797 
-1077.5 1.9209690435087927e-06 1.6085693044291487 0.5359823957340382 2.24489 
-1072.5 1.9508548853492355e-06 1.633567289307905 0.53604000011554 2.27353 
-1067.5 1.9801600572149905e-06 1.6580810689250898 0.5360976044970418 2.30363 
-1062.5 2.00907912818711e-06 1.6822753523898748 0.5361552088785436 2.33491 
-1057.5 2.0378548489115977e-06 1.706353695380243 0.5362128132600454 2.36716 
-1052.5 2.0667079695346125e-06 1.7305003353803532 0.5362704176415474 2.40035 
-1047.5 2.095881638851229e-06 1.7549189290744223 0.5363280220230492 2.4345 
-1042.5 2.1257447861945362e-06 1.7799197138637737 0.536385626404551 2.46963 
-1037.5 2.1566685307175216e-06 1.805812971265391 0.5364432307860528 2.50576 
-1032.5 2.189058186770155e-06 1.832938042817396 0.5365008351675546 2.54282 
-1027.5 2.223285470729035e-06 1.8616052077278067 0.5365584395490565 2.58033 
-1022.5 2.2597215017471463e-06 1.8921246988106641 0.5366160439305583 2.61774 
-1017.5 2.2986120165885374e-06 1.9247001620653128 0.5366736483120601 2.65449 
-1012.5 2.3401777653993673e-06 1.9595158064628846 0.5367312526935619 2.69 
-1007.5 2.3846277017777266e-06 1.996746089604653 0.5367888570750637 2.72403 
-1002.5 2.4321819786461665e-06 2.0365749872462824 0.5368464614565656 2.75745 
-997.5 2.4827417928299237e-06 2.0789148797684263 0.5369040658380674 2.79147 
-992.5 2.5349375447788242e-06 2.122602641253678 0.5369616702195692 2.82728 
-987.5 2.5870697808963098e-06 2.166213242775745 0.537019274601071 2.86606 
-982.5 2.6374222741743508e-06 2.2083118912146906 0.537076878982573 2.90859 
-977.5 2.684278598530381e-06 2.2474640362507814 0.5371344833640748 2.95393 
-972.5 2.726503646230557e-06 2.2827298016895767 0.5371920877455766 3.00073 
-967.5 2.7652407437423065e-06 2.3150974970622102 0.5372496921270784 3.04762 
-962.5 2.8022655501134952e-06 2.3460598319625077 0.5373072965085802 3.09325 
-957.5 2.8393412794698864e-06 2.3770904051716895 0.537364900890082 3.13655 
-952.5 2.8782307477881693e-06 2.409662741303574 0.5374225052715839 3.17763 
-947.5 2.9204004126711756e-06 2.4449981477745704 0.5374801096530857 3.21688 
-942.5 2.9659323495054485e-06 2.4831455535613074 0.5375377140345875 3.25469 
-937.5 3.0145881872847834e-06 2.523901604663379 0.5375953184160893 3.29146 
-932.5 3.066112980666037e-06 2.567053075812814 0.5376529227975911 3.32765 
-927.5 3.1202515852315323e-06 2.6123866458485523 0.537710527179093 3.36406 
-922.5 3.176669067770626e-06 2.6596210778599563 0.5377681315605948 3.40155 
-917.5 3.2347441415760604e-06 2.708232889939431 0.5378257359420967 3.44098 
-912.5 3.293782152683202e-06 2.757640393934131 0.5378833403235985 3.48321 
-907.5 3.3530872526801997e-06 2.807261885821502 0.5379409447051003 3.52889 
-902.5 3.4119635931552007e-06 2.856515726638752 0.5379985490866022 3.57774 
-897.5 3.4698407080852946e-06 2.904927026880531 0.538056153468104 3.62929 
-892.5 3.526845623606139e-06 2.952611921726415 0.5381137578496058 3.68303 
-887.5 3.5831972981930668e-06 2.9997545860934443 0.5381713622311076 3.73848 
-882.5 3.6391844742371307e-06 3.0465974028912157 0.5382289666126094 3.79516 
-877.5 3.6950628933796194e-06 3.093353795548833 0.5382865709941113 3.85268 
-872.5 3.7512016840281557e-06 3.140334209482401 0.5383441753756131 3.91065 
-867.5 3.8085076900884745e-06 3.1883044674383445 0.5384017797571149 3.96869 
-862.5 3.867976900762474e-06 3.2380983446198615 0.5384593841386167 4.02642 
-857.5 3.930640893970792e-06 3.2905786710731038 0.5385169885201185 4.08364 
-852.5 3.99752044645868e-06 3.3465984074032127 0.5385745929016205 4.14093 
-847.5 4.069214395134053e-06 3.4066516379851333 0.5386321972831223 4.19907 
-842.5 4.144695638489756e-06 3.46985656095427 0.5386898016646241 4.25883 
-837.5 4.222475667272687e-06 3.534962807136418 0.5387474060461259 4.32097 
-832.5 4.301069805796358e-06 3.6007295562038912 0.5388050104276277 4.38621 
-827.5 4.378982179049827e-06 3.6659065324854567 0.5388626148091296 4.45499 
-822.5 4.4553208280943265e-06 3.729757493228034 0.5389202191906314 4.52769 
-817.5 4.5314726263414315e-06 3.7934743745996244 0.5389778235721332 4.60467 
-812.5 4.609479576581145e-06 3.8587728625566466 0.539035427953635 4.68632 
-807.5 4.6913830332294335e-06 3.9273591641259893 0.5390930323351368 4.77277 
-802.5 4.779212753228734e-06 4.000929543232409 0.5391506367166387 4.86313 
-797.5 4.87431439050727e-06 4.080598297726099 0.5392082410981405 4.95628 
-792.5 4.975297437161387e-06 4.16516398273934 0.5392658454796423 5.0511 
-787.5 5.079982910538611e-06 4.252794718926704 0.5393234498611442 5.14644 
-782.5 5.1862358801365825e-06 4.341706786432912 0.539381054242646 5.24134 
-777.5 5.291899614027635e-06 4.4300973401334485 0.5394386586241479 5.33539 
-772.5 5.3954894876757094e-06 4.516735817941184 0.5394962630056497 5.42834 
-767.5 5.498336628095054e-06 4.602775199993194 0.5395538673871515 5.51995 
-762.5 5.60251643697451e-06 4.689960182113116 0.5396114717686533 5.60997 
-757.5 5.7101164595496315e-06 4.7800357204082715 0.5396690761501551 5.69856 
-752.5 5.823190045858988e-06 4.874717476288629 0.539726680531657 5.78762 
-747.5 5.943128841575857e-06 4.975158493923139 0.5397842849131588 5.87945 
-742.5 6.068429151104779e-06 5.080060476442017 0.5398418892946606 5.97636 
-737.5 6.1968302122549565e-06 5.187523734988006 0.5398994936761624 6.08067 
-732.5 6.326070318613339e-06 5.295658057393746 0.5399570980576642 6.19408 
-727.5 6.4538765644424115e-06 5.4025639856448775 0.540014702439166 6.31589 
-722.5 6.579070091233607e-06 5.507273207416325 0.540072306820668 6.44477 
-717.5 6.704868136847759e-06 5.612538062455466 0.5401299112021698 6.57944 
-712.5 6.8356244348741276e-06 5.722013019957081 0.5401875155836716 6.71856 
-707.5 6.975745428030827e-06 5.839381934222088 0.5402451199651734 6.86101 
-702.5 7.129626757860588e-06 5.968318331608927 0.5403027243466753 7.00637 
-697.5 7.30003389577538e-06 6.11110871913585 0.5403603287281771 7.15441 
-692.5 7.483229554899564e-06 6.264536113361285 0.5404179331096789 7.30488 
-687.5 7.67377899656065e-06 6.424035163787319 0.5404755374911807 7.45754 
-682.5 7.866162818730631e-06 6.584991513680805 0.5405331418726825 7.61248 
-677.5 8.054894819205808e-06 6.742820519181269 0.5405907462541844 7.7711 
-672.5 8.236301738446216e-06 6.894479750420701 0.5406483506356862 7.93515 
-667.5 8.41400274992272e-06 7.043098829940962 0.540705955017188 8.10636 
-662.5 8.593521987828941e-06 7.193320682422903 0.5407635593986898 8.28647 
-657.5 8.780448837183136e-06 7.349818023842947 0.5408211637801916 8.47674 
-652.5 8.980361881828191e-06 7.517253409015842 0.5408787681616936 8.67661 
-647.5 9.197300722668174e-06 7.698980019210998 0.5409363725431954 8.88502 
-642.5 9.429157145284672e-06 7.893147918536294 0.5409939769246972 9.10095 
-637.5 9.672154451571038e-06 8.09657828463731 0.541051581306199 9.32334 
-632.5 9.92252286540613e-06 8.30612074093666 0.5411091856877008 9.55137 
-627.5 1.0176470411094437e-05 8.518605993023247 0.5411667900692027 9.78507 
-622.5 1.0431583921069709e-05 8.732038339715448 0.5412243944507045 10.0247 
-617.5 1.0691013937695954e-05 8.949131014236668 0.5412819988322063 10.2704 
-612.5 1.095934136624418e-05 9.173732209313332 0.5413396032137081 10.5225 
-607.5 1.124122739570111e-05 9.409739003536302 0.5413972075952099 10.7813 
-602.5 1.1541277218431174e-05 9.660999416398367 0.5414548119767117 11.0473 
-597.5 1.1862408068374922e-05 9.929925959874208 0.5415124163582136 11.3211 
-592.5 1.2200873848226696e-05 10.213291942809528 0.5415700207397154 11.6035 
-587.5 1.2550920465067617e-05 10.506260708569304 0.5416276251212173 11.895 
-582.5 1.2906749381206799e-05 10.803985296777537 0.5416852295027191 12.1962 
-577.5 1.3262903811848645e-05 11.101909861456942 0.541742833884221 12.5076 
-572.5 1.3615072784333115e-05 11.396449293582636 0.5418004382657228 12.8296 
-567.5 1.3966374192800267e-05 11.690316236029055 0.5418580426472246 13.1627 
-562.5 1.432142313771809e-05 11.987387938505584 0.5419156470287264 13.5072 
-557.5 1.4684972592488875e-05 12.291639209993338 0.5419732514102282 13.8633 
-552.5 1.5061549553280377e-05 12.606851041434364 0.54203085579173 14.2298 
-547.5 1.545522109880985e-05 12.936415911729547 0.5420884601732319 14.605 
-542.5 1.5866056905164988e-05 13.280335245434744 0.5421460645547337 14.9874 
-537.5 1.6293145100426223e-05 13.637834406263401 0.5422036689362355 15.3755 
-532.5 1.6735785854690985e-05 14.008332025504515 0.5422612733177373 15.7686 
-527.5 1.719316933555747e-05 14.391149859562454 0.5423188776992391 16.1702 
-522.5 1.766459770386847e-05 14.785706708163074 0.5423764820807411 16.5846 
-517.5 1.8150286983131697e-05 15.192196437035149 0.5424340864622429 17.0162 
-512.5 1.865058310680771e-05 15.610910026162562 0.5424916908437447 17.4694 
-507.5 1.9165720015112497e-05 16.04204172719992 0.5425492952252465 17.9473 
-502.5 1.9696157625496557e-05 16.485979541101862 0.5426068996067483 18.4472 
-497.5 2.0242245852911184e-05 16.94301471413997 0.5426645039882502 18.9651 
-492.5 2.0804446605552253e-05 17.413535426853404 0.542722108369752 19.4972 
-487.5 2.1383451750340886e-05 17.898123613898804 0.5427797127512538 20.0393 
-482.5 2.197961518371909e-05 18.397070789109783 0.5428373171327556 20.5891 
-477.5 2.259374076585259e-05 18.911055922300257 0.5428949215142574 21.1492 
-472.5 2.3226412351908638e-05 19.440564561226907 0.5429525258957593 21.7238 
-467.5 2.387889371950346e-05 19.98666362078183 0.5430101302772611 22.3172 
-462.5 2.4552916526685236e-05 20.550807662125607 0.5430677346587629 22.9335 
-457.5 2.52497644585238e-05 21.13406405876806 0.5431253390402648 23.5764 
-452.5 2.5971169173067342e-05 21.73788767676195 0.5431829434217667 24.2478 
-447.5 2.6718756307355536e-05 22.36363687515623 0.5432405478032685 24.9487 
-442.5 2.7494947395612327e-05 23.013348293493028 0.5432981521847703 25.6806 
-437.5 2.830263384323897e-05 23.689446275311003 0.5433557565662721 26.4447 
-432.5 2.91444870506383e-05 24.394161580680816 0.5434133609477739 27.2426 
-427.5 3.002306045273246e-05 25.129628099950093 0.5434709653292757 28.0778 
-422.5 3.094101947768818e-05 25.898076420721836 0.5435285697107776 28.9542 
-417.5 3.1900233656487946e-05 26.701059071264833 0.5435861740922794 29.8757 
-412.5 3.290267256888664e-05 27.540225209926522 0.5436437784737812 30.8463 
-407.5 3.394973786543477e-05 28.416739855902613 0.543701382855283 31.8683 
-402.5 3.504350514689571e-05 29.332349306990206 0.5437589872367848 32.9389 
-397.5 3.6186061958505027e-05 30.288800555345254 0.5438165916182867 34.0535 
-392.5 3.738131958933741e-05 31.289390852171266 0.5438741959997886 35.2079 
-387.5 3.863367711635312e-05 32.33780551581561 0.5439318003812904 36.3976 
-382.5 3.9947541579493886e-05 33.437730113367515 0.5439894047627922 37.6212 
-377.5 4.132732001870144e-05 34.59285013390995 0.544047009144294 38.8887 
-372.5 4.277696353795771e-05 35.80646312967184 0.5441046135257959 40.213 
-367.5 4.429824958245424e-05 37.08002589178575 0.5441622179072977 41.6072 
-362.5 4.589246183726085e-05 38.41460731481061 0.5442198222887995 43.084 
-357.5 4.756087602446594e-05 39.811276397507896 0.5442774266703013 44.6548 
-352.5 4.930465388216797e-05 41.27100614969229 0.5443350310518031 46.3231 
-347.5 5.1126664917569204e-05 42.79622435235644 0.544392635433305 48.0908 
-342.5 5.3035051762589864e-05 44.39381630409644 0.5444502398148068 49.9599 
-337.5 5.503941643131621e-05 46.07183178174732 0.5445078441963086 51.9323 
-332.5 5.7149498810768784e-05 47.83841873219928 0.5445654485778104 54.0121 
-327.5 5.937515476270347e-05 49.70182331429084 0.5446230529593123 56.2124 
-322.5 6.172760994750083e-05 51.67145639624042 0.5446806573408142 58.5487 
-317.5 6.422415506595294e-05 53.76186474123943 0.544738261722316 61.0362 
-312.5 6.68837821042153e-05 55.988953791604025 0.5447958661038178 63.6905 
-307.5 6.972551091887852e-05 58.36863073846688 0.5448534704853196 66.5296 
-302.5 7.27683613665332e-05 60.91680491551128 0.5449110748668214 69.5817 
-297.5 7.603397493553872e-05 63.65161738786564 0.5449686792483233 72.8781 
-292.5 7.955418347650294e-05 66.59983375245136 0.5450262836298251 76.4498 
-287.5 8.336395960010959e-05 69.79074238723041 0.5450838880113269 80.3277 
-282.5 8.74978717404621e-05 73.25324739158 0.5451414923928287 84.5494 
-277.5 9.199093630464218e-05 77.0166442545989 0.5451990967743305 89.1779 
-272.5 9.688307897428073e-05 81.11440147255202 0.5452567011558324 94.2827 
-267.5 0.00010223608197513877 85.59849553180975 0.5453143055373342 99.9334 
-262.5 0.00010811735102887926 90.52536744961073 0.5453719099188361 106.199 
-257.5 0.0001145942694474618 95.95136720438873 0.5454295143003379 113.155 
-252.5 0.00012173421855210068 101.93285266351882 0.5454871186818397 120.893 
-247.5 0.00012961586407901477 108.53578658400822 0.5455447230633416 129.51 
-242.5 0.00013836286455626263 115.86421290399511 0.5456023274448434 139.103 
-237.5 0.00014811071732185504 124.0315879559787 0.5456599318263452 149.77 
-232.5 0.00015899511281610302 133.15137702210131 0.545717536207847 161.624 
-227.5 0.00017114946179951865 143.3351180037743 0.5457751405893488 174.836 
-222.5 0.0001847230929762992 154.70792500328912 0.5458327449708507 189.596 
-217.5 0.00019990664799137325 167.4297987383989 0.5458903493523525 206.092 
-212.5 0.00021690630307669276 181.67334829346896 0.5459479537338543 224.511 
-207.5 0.00023592507374140862 197.60828772306056 0.5460055581153561 245.051 
-202.5 0.0002571670556122103 215.40531097245147 0.5460631624968579 267.946 
-197.5 0.0002808546016616321 235.25063115948177 0.5461207668783598 293.438 
-192.5 0.0003072696550562383 257.3808495577438 0.5461783712598617 321.771 
-187.5 0.00033671115190877425 282.0461502565137 0.5462359756413635 353.188 
-182.5 0.0003694805867161348 309.498665439865 0.5462935800228653 387.945 
-177.5 0.000405878353950223 339.98956641200994 0.5463511844043671 426.353 
-172.5 0.000446210527374985 373.77487987063944 0.546408788785869 468.738 
-167.5 0.0004908197551684181 411.14163813032036 0.5464663931673708 515.424 
-162.5 0.0005400550217465331 452.38172888353824 0.5465239975488726 566.737 
-157.5 0.0005942642712227088 497.78607748540554 0.5465816019303744 622.998 
-152.5 0.00065379884732257 547.6485212487994 0.5466392063118762 684.519 
-147.5 0.0007190192722132967 602.2706595240368 0.546696810693378 751.608 
-142.5 0.0007903272615580793 661.9889727719749 0.5467544150748799 824.575 
-137.5 0.0008681389257672316 727.1515758010778 0.5468120194563817 903.726 
-132.5 0.0009528694743006123 798.1056161442541 0.5468696238378835 989.368 
-127.5 0.0010449340967106258 875.1982308490185 0.5469272282193854 1081.8 
-122.5 0.0011447297451112853 958.7610347095298 0.5469848326008873 1181.3 
-117.5 0.0012525869423831778 1049.0694354479556 0.5470424369823891 1288.17 
-112.5 0.0013688008615775956 1146.3697582517955 0.5471000413638909 1402.69 
-107.5 0.001493707112758603 1250.9431662288532 0.5471576457453927 1525.13 
-102.5 0.0016275850306636222 1363.0223731625933 0.5472152501268945 1655.53 
-97.5 0.0017707243530563875 1482.84970103489 0.5472728545083964 1793.92 
-92.5 0.001923198447194274 1610.4833852842498 0.5473304588898982 1940.33 
-87.5 0.0020850541011204777 1745.9622137312065 0.5473880632714 2094.77 
-82.5 0.002256360501527111 1889.3442932416744 0.5474456676529018 2257.19 
-77.5 0.002437130241260386 2040.639244055375 0.5475032720344036 2427.18 
-72.5 0.0026273407225968497 2199.82748010904 0.5475608764159055 2604.25 
-67.5 0.0028265470098266412 2366.530914143644 0.5476184807974073 2787.92 
-62.5 0.00303422841108809 2540.313182918131 0.5476760851789092 2977.69 
-57.5 0.0032498288448753235 2720.7087864232726 0.547733689560411 3172.96 
-52.5 0.003472837226054839 2907.2908527569166 0.5477912939419128 3372.68 
-47.5 0.00370254949300837 3099.467653784109 0.5478488983234147 3575.65 
-42.5 0.003937699678299802 3296.1726442430845 0.5479065027049165 3780.72 
-37.5 0.004176852482254815 3496.203463312559 0.5479641070864183 3986.7 
-32.5 0.00441855841975659 3698.3479601586 0.5480217114679201 4192.31 
-27.5 0.004661390603411758 3901.413274968282 0.5480793158494219 4395.92 
-22.5 0.004903819958385072 4104.119257421012 0.5481369202309238 4595.79 
-17.5 0.005143996462998612 4304.914440235103 0.5481945246124256 4790.17 
-12.5 0.005380007529492469 4502.198806728554 0.5482521289939274 4977.33 
-7.5 0.005609905379537066 4694.3432370107275 0.5483097333754292 5155.54 
-2.5 0.00583176443437721 4879.737951674443 0.548367337756931 5323.12 
2.5 0.006043625318209794 5056.744091043438 0.548424942138433 5478.42 
7.5 0.006243459667614138 5223.664660871118 0.5484825465199348 5619.78 
12.5 0.006429226526323346 5378.792968132434 0.5485401509014366 5745.53 
17.5 0.006598861942197998 5520.402971053519 0.5485977552829384 5854.14 
22.5 0.006750312963348596 5646.778396782897 0.5486553596644402 5944.47 
27.5 0.0068816864145461055 5756.338774506895 0.548712964045942 6015.52 
32.5 0.006991661827554722 5847.988132439644 0.5487705684274439 6066.28 
37.5 0.0070790768670523935 5920.756640886406 0.5488281728089457 6095.74 
42.5 0.00714277178568603 5973.674607647333 0.5488857771904475 6103.11 
47.5 0.007181598234501541 6005.78218685304 0.5489433815719493 6088.45 
52.5 0.007194613234801276 6016.294201150384 0.5490009859534511 6052.02 
57.5 0.007181789263148802 6005.200659876402 0.549058590334953 5994.11 
62.5 0.007143365486848467 5972.705001699836 0.5491161947164548 5914.99 
67.5 0.007079539859248443 5918.972114983434 0.5491737990979567 5815.1 
72.5 0.006990543732595736 5844.196123101354 0.5492314034794585 5695.64 
77.5 0.006876837024340856 5748.765213247616 0.5492890078609604 5557.95 
82.5 0.006739841098940581 5633.881510866611 0.5493466122424622 5403.39 
87.5 0.006581222011092631 5500.941207278238 0.549404216623964 5233.31 
92.5 0.006402649796985446 5351.340659287593 0.5494618210054658 5049.19 
97.5 0.00620581728960546 5186.4956929813725 0.5495194253869676 4852.91 
102.5 0.0059924747120831505 5007.870704584863 0.5495770297684694 4646.47 
107.5 0.005764715234891514 4817.220787664559 0.5496346341499713 4431.88 
112.5 0.005524729187931593 4616.378648387423 0.5496922385314731 4211.14 
117.5 0.005274697095301723 4407.167365960997 0.5497498429129749 3986.21 
122.5 0.005016822078823695 4191.429405486676 0.5498074472944767 3758.86 
127.5 0.004753284861670382 3970.9878685556173 0.5498650516759785 3530.84 
132.5 0.0044862657688655855 3747.6658515046456 0.5499226560574805 3303.89 
137.5 0.004217956523832099 3523.2961212423697 0.5499802604389823 3079.74 
142.5 0.003950526252269267 3299.692048380138 0.5500378648204841 2860.03 
147.5 0.003686166478525349 3078.686287109781 0.5500954692019859 2646.02 
152.5 0.0034269095475117505 2861.975699026067 0.5501530735834878 2438.84 
157.5 0.003174215097146644 2650.7726505491014 0.5502106779649896 2239.64 
162.5 0.002929373234035461 2446.153688966137 0.5502682823464914 2049.58 
167.5 0.002693682676139122 2249.2049218328393 0.5503258867279932 1869.62 
172.5 0.0024684309420940883 2061.0026433383264 0.550383491109495 1700.07 
177.5 0.00225474577387636 1882.487290000594 0.5504410954909968 1541.03 
182.5 0.0020530226288827773 1713.9791597967665 0.5504986998724987 1392.63 
187.5 0.0018634732477549403 1555.6529940408107 0.5505563042540005 1254.99 
192.5 0.0016862949866174094 1407.6737215077865 0.5506139086355023 1128.13 
197.5 0.0015217191977171928 1270.2352163920532 0.5506715130170042 1011.71 
202.5 0.0013698182529389836 1143.3955822561986 0.550729117398506 905.29 
207.5 0.0012302171995631783 1026.8349993445775 0.5507867217800079 808.422 
212.5 0.0011024022393748211 920.1220913838273 0.5508443261615097 720.667 
217.5 0.0009858686832007835 822.8350841712167 0.5509019305430115 641.558 
222.5 0.0008801017823833781 734.5434445533346 0.5509595349245133 570.524 
227.5 0.0007845660919796446 654.7991507348203 0.5510171393060151 506.966 
232.5 0.0006986084052028136 583.0543728046838 0.551074743687517 450.29 
237.5 0.000621549528160503 518.7408959763283 0.5511323480690188 399.897 
242.5 0.000552708709063905 461.2895201352339 0.5511899524505206 355.214 
247.5 0.000491406316056658 410.13201471657555 0.5512475568320224 315.763 
252.5 0.00043697869494844637 364.7137299466959 0.5513051612135242 281.087 
257.5 0.00038884339888616665 324.54880675498237 0.5513627655950261 250.73 
262.5 0.0003464330725247164 289.1630366754339 0.5514203699765279 224.239 
267.5 0.0003091851587680347 258.0860995490835 0.5514779743580298 201.173 
272.5 0.000276534900470076 230.8457577242517 0.5515355787395316 181.162 
277.5 0.00024794713650727374 206.9949962860433 0.5515931831210334 163.852 
282.5 0.0002230046268594995 186.1866044175481 0.5516507875025353 148.89 
287.5 0.0002013218178117346 168.0985981092772 0.5517083918840371 135.922 
292.5 0.00018251481308265415 152.40998428847837 0.5517659962655389 124.626 
297.5 0.00016619631677868837 138.796886472212 0.5518236006470407 114.809 
302.5 0.00015201088880109157 126.96258788290628 0.5518812050285425 106.31 
307.5 0.00013971307109016752 116.70339564362804 0.5519388094100444 98.9668 
312.5 0.0001290889525391541 107.84084110916224 0.5519964137915462 92.6195 
317.5 0.00011992399979518418 100.19550777068481 0.552054018173048 87.1169 
322.5 0.0001120041155338967 93.58838166119898 0.5521116225545498 82.3503 
327.5 0.00010513059823255477 87.85354924854651 0.5521692269360516 78.2211 
332.5 9.916861818543514e-05 82.87916728368633 0.5522268313175536 74.631 
337.5 9.400041428131952e-05 78.56697716013691 0.5522844356990554 71.4816 
342.5 8.950804817738051e-05 74.81834539119922 0.5523420400805572 68.6844 
347.5 8.557402950376914e-05 71.5350357590006 0.552399644462059 66.1911 
352.5 8.20907924607431e-05 68.62725486323376 0.5524572488435608 63.9633 
357.5 7.89925485997369e-05 66.04057788360679 0.5525148532250627 61.9626 
362.5 7.622460863732747e-05 63.72941014344566 0.5525724576065645 60.1505 
367.5 7.373223647993995e-05 61.647971373677265 0.5526300619880663 58.491 
372.5 7.146103400447851e-05 59.75077786766051 0.5526876663695681 56.9574 
377.5 6.936208029160082e-05 57.9970045104297 0.5527452707510699 55.5253 
382.5 6.741014466366079e-05 56.365884608565736 0.5528028751325718 54.1703 
387.5 6.55862217107896e-05 54.84160033732479 0.5528604795140736 52.868 
392.5 6.387129356714202e-05 53.408241447569274 0.5529180838955754 51.5979 
397.5 6.22466823280973e-05 52.05019083693166 0.5529756882770773 50.3557 
402.5 6.069496988516014e-05 50.75290010866443 0.5530332926585791 49.1407 
407.5 5.9205485083441066e-05 49.507538362036996 0.553090897040081 47.9525 
412.5 5.7769383981876184e-05 48.30673046668553 0.5531485014215828 46.7905 
417.5 5.637762453260217e-05 47.142909185079525 0.5532061058030846 45.654 
422.5 5.502150265823477e-05 46.008798935345226 0.5532637101845864 44.5415 
427.5 5.3692890173575585e-05 44.8976099349645 0.5533213145660882 43.4512 
432.5 5.238651844690166e-05 43.80497525644988 0.5533789189475901 42.3813 
437.5 5.109819447103362e-05 42.72740111028249 0.5534365233290919 41.33 
442.5 4.982362917151041e-05 41.661297799837214 0.5534941277105937 40.2961 
447.5 4.855841749913568e-05 40.602979885974285 0.5535517320920955 39.2795 
452.5 4.729974818982693e-05 39.55012004460466 0.5536093364735973 38.2805 
457.5 4.6050765017413934e-05 38.50542958751075 0.5536669408550992 37.2996 
462.5 4.4815969098374746e-05 37.472687322381596 0.5537245452366011 36.3372 
467.5 4.359999743137634e-05 36.455769577288244 0.5537821496181029 35.393 
472.5 4.240737502184112e-05 35.45845547623354 0.5538397539996047 34.4643 
477.5 4.1241371060556705e-05 34.483456966962216 0.5538973583811065 33.5475 
482.5 4.009884973667478e-05 33.52806021093755 0.5539549627626084 32.6393 
487.5 3.897485399775751e-05 32.588096669519565 0.5540125671441102 31.7363 
492.5 3.7864738882156463e-05 31.659687891739956 0.554070171525612 30.8364 
497.5 3.6763751416469364e-05 30.738859338192217 0.5541277759071138 29.9434 
502.5 3.56687324124078e-05 29.822994744899773 0.5541853802886156 29.0623 
507.5 3.45841874794448e-05 28.915969552092065 0.5542429846701175 28.1982 
512.5 3.3516351382851956e-05 28.023017649682277 0.5543005890516193 27.3564 
517.5 3.247160074232586e-05 27.149470524121018 0.5543581934331211 26.5408 
522.5 3.1456200184318556e-05 26.300562390319815 0.5544157978146229 25.7513 
527.5 3.0474930552667396e-05 25.480266618321252 0.5544734021961248 24.9865 
532.5 2.9526847612022753e-05 24.687711870042275 0.5545310065776267 24.2453 
537.5 2.8609083845927712e-05 23.920475240223407 0.5545886109591285 23.5263 
542.5 2.7718967853979447e-05 23.17632683023375 0.5546462153406303 22.8285 
547.5 2.6853832217265866e-05 22.453036881378146 0.5547038197221321 22.1523 
552.5 2.601146545283466e-05 21.748763931448096 0.5547614241036339 21.4981 
557.5 2.519296957642338e-05 21.064476181767237 0.5548190284851358 20.8666 
562.5 2.4399846287354964e-05 20.40143338387935 0.5548766328666376 20.2582 
567.5 2.3633603257188414e-05 19.76089561068434 0.5549342372481394 19.6733 
572.5 2.2896090109452583e-05 19.144413418791242 0.5549918416296412 19.1111 
577.5 2.2188478535972728e-05 18.552955872105105 0.555049446011143 18.5704 
582.5 2.151056047622259e-05 17.986329285664464 0.5551070503926449 18.0502 
587.5 2.0861876012751663e-05 17.444145800095825 0.5551646547741467 17.5495 
592.5 2.0241847262628757e-05 16.925920542095238 0.5552222591556486 17.0676 
597.5 1.9649894352177336e-05 16.431168613748785 0.5552798635371504 16.6057 
602.5 1.9085551391710805e-05 15.959502082337545 0.5553374679186522 16.1655 
607.5 1.854881041824771e-05 15.510920560023374 0.5553950723001541 15.7488 
612.5 1.8039785415777996e-05 15.085520624304259 0.5554526766816559 15.3572 
617.5 1.755859235903697e-05 14.683398809630141 0.5555102810631577 14.9915 
622.5 1.710523323877e-05 14.304554567887404 0.5555678854446595 14.6492 
627.5 1.667936610300725e-05 13.94869612226531 0.5556254898261613 14.327 
632.5 1.627847733173381e-05 13.613690807795386 0.5556830942076632 14.0214 
637.5 1.5899559544813124e-05 13.297017882482695 0.555740698589165 13.7291 
642.5 1.5539597399127164e-05 12.99615645013477 0.5557983029706668 13.4476 
647.5 1.5195461567567966e-05 12.708489115353464 0.5558559073521686 13.1781 
652.5 1.4865046588191701e-05 12.432271140432155 0.5559135117336704 12.9228 
657.5 1.4549228499501415e-05 12.16827714031807 0.5559711161151724 12.6836 
662.5 1.4249960955289085e-05 11.918154421908056 0.5560287204966742 12.4628 
667.5 1.3968987558075064e-05 11.683356947306963 0.556086324878176 12.2617 
672.5 1.3708047928888985e-05 11.465338543530146 0.5561439292596778 12.0786 
677.5 1.3468653720780577e-05 11.265358660070984 0.5562015336411796 11.9111 
682.5 1.3249804957530051e-05 11.082545267246172 0.5562591380226815 11.7569 
687.5 1.3050115914549788e-05 10.915734951218479 0.5563167424041833 11.6134 
692.5 1.2867966927036197e-05 10.763570324529574 0.5563743467856851 11.4786 
697.5 1.2701962316674849e-05 10.624887530638388 0.5564319511671869 11.3515 
702.5 1.2550482418662147e-05 10.49832885861939 0.5564895555486887 11.2314 
707.5 1.241144765074399e-05 10.382149040439751 0.5565471599301905 11.1177 
712.5 1.2282884451674771e-05 10.274699516094815 0.5566047643116924 11.0097 
717.5 1.2162593282974352e-05 10.17413803645234 0.5566623686931942 10.9069 
722.5 1.204837062467187e-05 10.078622515982724 0.556719973074696 10.8099 
727.5 1.1938468892756247e-05 9.986698848319172 0.5567775774561979 10.7195 
732.5 1.1832972210036985e-05 9.898463149715882 0.5568351818376998 10.6365 
737.5 1.173211053523934e-05 9.814108971241051 0.5568927862192016 10.5615 
742.5 1.1636229801823875e-05 9.733926896722975 0.5569503906007034 10.495 
747.5 1.1545757722789476e-05 9.658275323716664 0.5570079949822052 10.4355 
752.5 1.1460895436676896e-05 9.587318805282711 0.557065599363707 10.381 
757.5 1.1381315774182408e-05 9.520776166535827 0.5571232037452089 10.3297 
762.5 1.1306511432588696e-05 9.458220768309193 0.5571808081267107 10.2798 
767.5 1.1236006318257387e-05 9.39925493316956 0.5572384125082125 10.2294 
772.5 1.1169290739576736e-05 9.343451860816053 0.5572960168897143 10.1783 
777.5 1.1105774618918418e-05 9.29031680939255 0.5573536212712161 10.126 
782.5 1.1044456142768557e-05 9.239006220716691 0.557411225652718 10.0723 
787.5 1.0984223745339019e-05 9.18858922590064 0.5574688300342198 10.0171 
792.5 1.0923941272372849e-05 9.138115540105455 0.5575264344157217 9.96006 
797.5 1.0862517765060005e-05 9.08667360496523 0.5575840387972235 9.9007 
802.5 1.079880606889361e-05 9.033303446730732 0.5576416431787253 9.83856 
807.5 1.0731658033994113e-05 8.97704510267505 0.5576992475602272 9.77319 
812.5 1.0659879916885981e-05 8.916899930156237 0.557756851941729 9.70409 
817.5 1.0582311372992514e-05 8.851898474130605 0.5578144563232308 9.63113 
822.5 1.0497769858162645e-05 8.781052350103836 0.5578720607047326 9.55539 
827.5 1.040593870841981e-05 8.704110341973262 0.5579296650862344 9.47829 
832.5 1.0309856120357618e-05 8.623660209957269 0.5579872694677362 9.40124 
837.5 1.02134848977324e-05 8.543026874267039 0.5580448738492381 9.32565 
842.5 1.012079157556624e-05 8.465525821122705 0.5581024782307399 9.25248 
847.5 1.003574248980669e-05 8.394471994794559 0.5581600826122417 9.18084 
852.5 9.960981762117938e-06 8.332055170126461 0.5582176869937435 9.10938 
857.5 9.893784572389493e-06 8.275920854766579 0.5582752913752455 9.03676 
862.5 9.830021918668982e-06 8.222598980320445 0.5583328957567473 8.96162 
867.5 9.765553303831358e-06 8.16862860438629 0.5583905001382491 8.88301 
872.5 9.69619283623012e-06 8.11051035745595 0.5584481045197509 8.8015 
877.5 9.61883667582512e-06 8.04566621448443 0.5585057089012527 8.71804 
882.5 9.534469123098214e-06 7.974977245473872 0.5585633132827545 8.63361 
887.5 9.445216997646198e-06 7.900236317830237 0.5586209176642564 8.54915 
892.5 9.353214433673285e-06 7.823227108497967 0.5586785220457582 8.46549 
897.5 9.26058396791016e-06 7.745723565177147 0.55873612642726 8.38292 
902.5 9.169026197250173e-06 7.669140816009929 0.5587937308087618 8.30159 
907.5 9.078592983373603e-06 7.593498750785853 0.5588513351902636 8.22165 
912.5 8.988874382065724e-06 7.518448676630505 0.5589089395717655 8.14326 
917.5 8.899430087481433e-06 7.443622357913885 0.5589665439532673 8.06655 
922.5 8.809876387621527e-06 7.368700050251574 0.5590241483347692 7.99162 
927.5 8.720047135440394e-06 7.293546363154379 0.559081752716271 7.91854 
932.5 8.630931204607045e-06 7.2190044794742665 0.5591393570977728 7.84739 
937.5 8.543822535293533e-06 7.146160047950662 0.5591969614792747 7.77825 
942.5 8.459997247737325e-06 7.076079385882126 0.5592545658607765 7.71106 
947.5 8.380753860824803e-06 7.0098478675990865 0.5593121702422783 7.64533 
952.5 8.306673192454765e-06 6.947939825836654 0.5593697746237801 7.5804 
957.5 8.235587903071526e-06 6.888504159165111 0.5594273790052819 7.51566 
962.5 8.16456477609403e-06 6.829078711791191 0.5594849833867838 7.45046 
967.5 8.090669451644438e-06 6.767210800190086 0.5595425877682856 7.38433 
972.5 8.01096776891944e-06 6.700448155518142 0.5596001921497874 7.31748 
977.5 7.923551423025246e-06 6.627211471029442 0.5596577965312892 7.25024 
982.5 7.830622051015376e-06 6.549399897934014 0.559715400912791 7.18298 
987.5 7.735490012010387e-06 6.469795304579422 0.559773005294293 7.11604 
992.5 7.641460984115645e-06 6.391160616167516 0.5598306096757948 7.04976 
997.5 7.5518630440854324e-06 6.316277872340296 0.5598882140572966 6.98428 
1002.5 7.4691925836965e-06 6.247221085511137 0.5599458184387984 6.91974 
1007.5 7.392637324975019e-06 6.183264064719041 0.5600034228203002 6.85625 
1012.5 7.320483975880576e-06 6.1229627987248545 0.5600610272018021 6.79393 
1017.5 7.2510159112560686e-06 6.06488257049974 0.5601186315833039 6.73287 
1022.5 7.182539501816917e-06 6.0076080617498056 0.5601762359648057 6.67292 
1027.5 7.113635078003489e-06 5.9499567791631485 0.5602338403463075 6.61392 
1032.5 7.044266954323362e-06 5.891918583727989 0.5602914447278093 6.5557 
1037.5 6.974697094878877e-06 5.833716235018408 0.5603490491093112 6.49807 
1042.5 6.905237835157221e-06 5.775611389405305 0.560406653490813 6.44084 
1047.5 6.836156713347748e-06 5.717827004063888 0.5604642578723148 6.38378 
1052.5 6.767709072942674e-06 5.660576333043116 0.5605218622538166 6.32663 
1057.5 6.700058871167722e-06 5.60399511507125 0.5605794666353185 6.26914 
1062.5 6.633300082258355e-06 5.548160938928893 0.5606370710168204 6.21106 
1067.5 6.567525486002821e-06 5.493151368679256 0.5606946753983222 6.15232 
1072.5 6.502850658987355e-06 5.439063309603871 0.560752279779824 6.09364 
1077.5 6.439334583952295e-06 5.385945163641912 0.5608098841613258 6.03596 
1082.5 6.376761686689422e-06 5.3336128092192 0.5608674885428276 5.98017 
1087.5 6.314900216802656e-06 5.281872364778008 0.5609250929243295 5.92719 
1092.5 6.253506826422387e-06 5.2305202580083865 0.5609826973058313 5.87755 
1097.5 6.192315171806478e-06 5.179333610431179 0.5610403016873331 5.83012 
1102.5 6.13124088544763e-06 5.128244681082878 0.5610979060688349 5.78342 
1107.5 6.070727111384878e-06 5.077631459849783 0.5611555104503367 5.73593 
1112.5 6.011419923868836e-06 5.0280367629474725 0.5612131148318386 5.68615 
1117.5 5.953945984619241e-06 4.979984083868668 0.5612707192133404 5.63308 
1122.5 5.8989315572067595e-06 4.933996822567652 0.5613283235948423 5.57774 
1127.5 5.8467863356211595e-06 4.890414081454358 0.5613859279763441 5.52166 
1132.5 5.79703855471344e-06 4.848828889666704 0.5614435323578459 5.46638 
1137.5 5.749007347812396e-06 4.808669327420664 0.5615011367393478 5.41341 
1142.5 5.7019742687827246e-06 4.769334319483435 0.5615587411208496 5.36395 
1147.5 5.655243071063502e-06 4.730242169818205 0.5616163455023514 5.31783 
1152.5 5.60820909343483e-06 4.690888774275527 0.5616739498838532 5.27455 
1157.5 5.560622617641942e-06 4.651070409132447 0.561731554265355 5.23359 
1162.5 5.512376877528619e-06 4.61069970287155 0.5617891586468569 5.19444 
1167.5 5.463321902237109e-06 4.569650617003759 0.5618467630283587 5.15663 
1172.5 5.413341119808492e-06 4.527826226296919 0.5619043674098605 5.11987 
1177.5 5.36238694590143e-06 4.485187854999215 0.5619619717913623 5.08388 
1182.5 5.310811934586608e-06 4.442035947963024 0.5620195761728641 5.04841 
1187.5 5.259055396336444e-06 4.398738878983149 0.5620771805543661 5.01318 
1192.5 5.2075580351451106e-06 4.355665064420346 0.5621347849358679 4.9779 
1197.5 5.156771953405776e-06 4.313192590482439 0.5621923893173697 4.94211 
1202.5 5.107081062192176e-06 4.271641359111291 0.5622499936988715 4.90533 
1207.5 5.0586287117519414e-06 4.23112779386308 0.5623075980803733 4.86707 
1212.5 5.011508478171465e-06 4.191729486762254 0.5623652024618752 4.82683 
1217.5 4.9658131412389955e-06 4.1535239737471885 0.562422806843377 4.78444 
1222.5 4.9216126839447865e-06 4.116569340935199 0.5624804112248788 4.74092 
1227.5 4.878874105539075e-06 4.0808363115446165 0.5625380156063806 4.69758 
1232.5 4.836947100055561e-06 4.045772408358776 0.5625956199878824 4.65576 
1237.5 4.795056627513037e-06 4.0107281140423865 0.5626532243693843 4.61676 
1242.5 4.75242565718494e-06 3.9750538730503964 0.5627108287508861 4.58163 
1247.5 4.708254361546711e-06 3.938080859659326 0.5627684331323879 4.5503 
1252.5 4.662004678101596e-06 3.8993633037695448 0.5628260375138898 4.5224 
1257.5 4.614054994986744e-06 3.8592306003332353 0.5628836418953916 4.49757 
1262.5 4.565061789479077e-06 3.818235222319547 0.5629412462768935 4.47545 
1267.5 4.515651922372871e-06 3.7769007151978666 0.5629988506583953 4.45545 
1272.5 4.466485852435776e-06 3.7357796941658434 0.5630564550398971 4.43608 
1277.5 4.418167643664079e-06 3.6953763146507757 0.5631140594213989 4.41559 
1282.5 4.371140787095458e-06 3.6560590826822996 0.5631716638029007 4.39228 
1287.5 4.325823189926099e-06 3.6181770705589704 0.5632292681844026 4.3644 
1292.5 4.28263236120311e-06 3.582079297585039 0.5632868725659044 4.33086 
1297.5 4.241951614776621e-06 3.5480856289547735 0.5633444769474062 4.29314 
1302.5 4.204026886485214e-06 3.5163994592975203 0.563402081328908 4.25332 
1307.5 4.168349428939393e-06 3.4865846951562034 0.5634596857104098 4.21351 
1312.5 4.134214981446359e-06 3.458050023335498 0.5635172900919116 4.1758 
1317.5 4.100893301322738e-06 3.4301846850505298 0.5635748944734136 4.14179 
1322.5 4.0677107397310616e-06 3.402426375863065 0.5636324988549154 4.111 
1327.5 4.034063033600507e-06 3.374271067103547 0.5636901032364172 4.08245 
1332.5 3.9998942374592085e-06 3.3456797991575846 0.563747707617919 4.05513 
1337.5 3.965294742200978e-06 3.3167300141423866 0.5638053119994209 4.02807 
1342.5 3.930323132417078e-06 3.28747017376818 0.5638629163809227 4.00058 
1347.5 3.895082989071142e-06 3.257987495370835 0.5639205207624245 3.97311 
1352.5 3.8596330958289706e-06 3.2283304705539706 0.5639781251439263 3.94645 
1357.5 3.8240428384572105e-06 3.1985572754283553 0.5640357295254281 3.92135 
1362.5 3.7883704033980525e-06 3.168716410441593 0.56409333390693 3.89858 
1367.5 3.752673778019152e-06 3.1388563930711473 0.5641509382884318 3.87854 
1372.5 3.717022348087157e-06 3.109035476001872 0.5642085426699336 3.86023 
1377.5 3.6815654872362145e-06 3.0793798455738814 0.5642661470514354 3.84225 
1382.5 3.6468985001830157e-06 3.0503935580874812 0.5643237514329373 3.82321 
1387.5 3.6137498379401037e-06 3.022687333187127 0.5643813558144392 3.80175 
1392.5 3.5828159461429396e-06 2.996842844257249 0.564438960195941 3.77696 
1397.5 3.554815470001364e-06 2.973460987054776 0.5644965645774428 3.74989 
1402.5 3.5301482977024407e-06 2.9528710767295814 0.5645541689589446 3.72206 
1407.5 3.5079891146537996e-06 2.9343656560361104 0.5646117733404464 3.69502 
1412.5 3.487137954918857e-06 2.916936613955821 0.5646693777219483 3.67027 
1417.5 3.4664342748463807e-06 2.899614440837544 0.5647269821034501 3.64884 
1422.5 3.4446955302852967e-06 2.8814103231816977 0.5647845864849519 3.62959 
1427.5 3.4209553485163557e-06 2.8615197286055656 0.5648421908664537 3.61089 
1432.5 3.3951174175600826e-06 2.83987451022279 0.5648997952479555 3.59107 
1437.5 3.367282929485676e-06 2.8165617988540226 0.5649573996294573 3.5685 
1442.5 3.337613253549887e-06 2.7917172855832026 0.5650150040109592 3.54206 
1447.5 3.3062137623871745e-06 2.7654283596950395 0.5650726083924611 3.51277 
1452.5 3.273382606042223e-06 2.737947265026457 0.5651302127739629 3.48218 
1457.5 3.2400140355745527e-06 2.710030102427684 0.5651878171554647 3.45184 
1462.5 3.2071494347075064e-06 2.6825493929198645 0.5652454215369666 3.42331 
1467.5 3.1758781696548398e-06 2.656416428245451 0.5653030259184684 3.39766 
1472.5 3.147256207731468e-06 2.6325133068381947 0.5653606302999702 3.37397 
1477.5 3.1220197638568515e-06 2.6114505160645933 0.565418234681472 3.35088 
1482.5 3.0995886629790584e-06 2.5927242717873606 0.5654758390629738 3.32698 
1487.5 3.079040681302634e-06 2.575559160851396 0.5655334434444756 3.30089 
1492.5 3.0594594193441062e-06 2.5591892988120675 0.5655910478259775 3.2717 
1497.5 3.039894481497553e-06 2.5428197736370803 0.5656486522074793 3.24036 
1502.5 3.0195772493173576e-06 2.5258108202508978 0.5657062565889811 3.20829 
1507.5 2.99838059989418e-06 2.508065276231166 0.5657638609704829 3.17691 
1512.5 2.97635953447763e-06 2.489631471874733 0.5658214653519849 3.14765 
1517.5 2.953526446839384e-06 2.4705190924273093 0.5658790697334867 3.12158 
1522.5 2.929949926447946e-06 2.450786284544121 0.5659366741149885 3.09839 
1527.5 2.905688159745506e-06 2.430481573587858 0.5659942784964903 3.07741 
1532.5 2.880958711685642e-06 2.4097891222228363 0.5660518828779921 3.05797 
1537.5 2.855981934265441e-06 2.3888931457142926 0.566109487259494 3.03942 
1542.5 2.831012374678973e-06 2.3680069217593847 0.5661670916409958 3.02121 
1547.5 2.806270982146933e-06 2.3473146660518838 0.5662246960224976 3.00337 
1552.5 2.7819781086664066e-06 2.327000535169579 0.5662823004039994 2.98601 
1557.5 2.7581489350525784e-06 2.3070742962369555 0.5663399047855012 2.96928 
1562.5 2.7347722619809896e-06 2.2875262802867837 0.566397509167003 2.95332 
1567.5 2.7118250935791155e-06 2.268337109014842 0.5664551135485049 2.93824 
1572.5 2.689284234899893e-06 2.2494873871069 0.5665127179300067 2.92404 
1577.5 2.6671150925972674e-06 2.2309480071226613 0.5665703223115085 2.9107 
1582.5 2.6452030854576834e-06 2.2126220350087835 0.5666279266930104 2.89818 
1587.5 2.623386645149854e-06 2.1943737751348245 0.5666855310745122 2.88648 
1592.5 2.6015262038423364e-06 2.176086905627809 0.5667431354560141 2.87546 
1597.5 2.5794711934537658e-06 2.1576354802044837 0.5668007398375159 2.86464 
1602.5 2.5572076276161763e-06 2.1390099174833375 0.5668583442190177 2.85342 
1607.5 2.5351456496188363e-06 2.1205591580872363 0.5669159486005195 2.84122 
1612.5 2.5138623460947806e-06 2.102767879154435 0.5669735529820213 2.82745 
1617.5 2.4939261923215575e-06 2.086111105975794 0.5670311573635232 2.81171 
1622.5 2.4758826677041895e-06 2.0710444089414026 0.567088761745025 2.79438 
1627.5 2.4600944791147136e-06 2.057868146368408 0.5671463661265268 2.77605 
1632.5 2.44615745549995e-06 2.0462334839133165 0.5672039705080286 2.75729 
1637.5 2.4334147214339013e-06 2.0355879380100212 0.5672615748895304 2.73869 
1642.5 2.4212280177232985e-06 2.025398309196127 0.5673191792710323 2.72078 
1647.5 2.408948084924949e-06 2.015121775074812 0.5673767836525342 2.70386 
1652.5 2.3961192373040328e-06 2.0043803772310596 0.567434388034036 2.68821 
1657.5 2.3829844757315163e-06 1.993387208863542 0.5674919924155378 2.67409 
1662.5 2.3699927174079873e-06 1.9825202431304287 0.5675495967970396 2.66176 
1667.5 2.3575848654021523e-06 1.972147838587136 0.5676072011785415 2.65132 
1672.5 2.346190225309191e-06 1.9626286223452651 0.5676648055600433 2.6422 
1677.5 2.336123919659798e-06 1.9542241793310482 0.5677224099415451 2.63366 
1682.5 2.3270493714966167e-06 1.9466438305665883 0.5677800143230469 2.62495 
1687.5 2.3185046726237745e-06 1.9394998368727663 0.5678376187045487 2.61534 
1692.5 2.3100031273020485e-06 1.9323850293122398 0.5678952230860506 2.60434 
1697.5 2.3010690400421376e-06 1.9249019482410683 0.5679528274675524 2.59246 
1702.5 2.291318101621233e-06 1.9167307425795765 0.5680104318490542 2.58047 
1707.5 2.2807893361756155e-06 1.9079100578488908 0.568068036230556 2.56912 
1712.5 2.2696203207913662e-06 1.8985561623583402 0.568125640612058 2.55919 
1717.5 2.2579502251508544e-06 1.888785378022491 0.5681832449935598 2.55125 
1722.5 2.245929617335446e-06 1.8787237236404317 0.5682408493750616 2.54508 
1727.5 2.2336864677030514e-06 1.8684778461364053 0.5682984537565634 2.54029 
1732.5 2.2213255516645226e-06 1.8581350157905017 0.5683560581380652 2.53648 
1737.5 2.208974043279625e-06 1.8478018588129708 0.568413662519567 2.53325 
1742.5 2.196725319560215e-06 1.837555931528769 0.5684712669010689 2.5301 
1747.5 2.1846835586935344e-06 1.82748442336897 0.5685288712825707 2.52612 
1752.5 2.1728619507494033e-06 1.817596922823764 0.5685864756640725 2.52033 
1757.5 2.1608959460345317e-06 1.8075832727751198 0.5686440800455743 2.51172 
1762.5 2.1483118398049817e-06 1.7970460290871006 0.5687016844270761 2.4993 
1767.5 2.1346341356459877e-06 1.7855877221386292 0.568759288808578 2.48252 
1772.5 2.11937593874379e-06 1.7728012771271338 0.5688168931900798 2.4627 
1777.5 2.1022553263919955e-06 1.758454180628329 0.5688744975715817 2.44163 
1782.5 2.083689261564532e-06 1.7429049809260537 0.5689321019530835 2.42107 
1787.5 2.0643006235649503e-06 1.7266771140827977 0.5689897063345853 2.40281 
1792.5 2.0447042775649213e-06 1.7102844150725494 0.5690473107160872 2.38812 
1797.5 2.0255262880605747e-06 1.6942503786550116 0.569104915097589 2.3763 
1802.5 2.0072789346326314e-06 1.6790015271808503 0.5691625194790908 2.36613 
1807.5 1.9900735621516386e-06 1.6646252566186992 0.5692201238605926 2.35642 
1812.5 1.9739347590864124e-06 1.6511410207264319 0.5692777282420944 2.34596 
1817.5 1.9588515251870298e-06 1.6385391548351564 0.5693353326235963 2.3338 
1822.5 1.94483505977795e-06 1.6268293069489663 0.5693929370050981 2.32002 
1827.5 1.931817171539741e-06 1.6159532338880185 0.5694505413865999 2.30495 
1832.5 1.9194547140553484e-06 1.6056201434794812 0.5695081457681017 2.28894 
1837.5 1.907331372724879e-06 1.5954810393489496 0.5695657501496035 2.27231 
1842.5 1.8950068417032324e-06 1.58516754169479 0.5696233545311054 2.25542 
1847.5 1.882086010592215e-06 1.574350062232254 0.5696809589126073 2.23865 
1852.5 1.8682543540847395e-06 1.5627669933925297 0.5697385632941091 2.22239 
1857.5 1.8538028555421854e-06 1.5506702308065408 0.5697961676756109 2.20705 
1862.5 1.8391242364683115e-06 1.5383893470547958 0.5698537720571127 2.19302 
1867.5 1.8246584045591453e-06 1.526292705152033 0.5699113764386146 2.18061 
1872.5 1.810800470212881e-06 1.5147099072864583 0.5699689808201164 2.16977 
1877.5 1.797876357135601e-06 1.5039123246320616 0.5700265852016182 2.16036 
1882.5 1.7858346474193467e-06 1.4938515839431157 0.57008418958312 2.15226 
1887.5 1.7745147681055133e-06 1.4843920130112835 0.5701417939646218 2.14533 
1892.5 1.7637543545646692e-06 1.4753978850724823 0.5701993983461237 2.1393 
1897.5 1.7534024405663762e-06 1.4667431293656252 0.5702570027276255 2.13336 
1902.5 1.74327406375775e-06 1.4582725735411337 0.5703146071091273 2.12658 
1907.5 1.7330354853753674e-06 1.4497051020681533 0.5703722114906291 2.118 
1912.5 1.7223845738838173e-06 1.440788616168387 0.570429815872131 2.10669 
1917.5 1.7109514045773295e-06 1.4312129268434288 0.5704874202536329 2.0921 
1922.5 1.6984104518988957e-06 1.4207066585566177 0.5705450246351347 2.07527 
1927.5 1.684585165776581e-06 1.4091245712459428 0.5706026290166365 2.05763 
1932.5 1.6699968864460918e-06 1.3969124640660189 0.5706602333981383 2.04061 
1937.5 1.655338675275772e-06 1.3846519549403948 0.5707178377796401 2.02565 
1942.5 1.6413063806774721e-06 1.3729247233443587 0.570775442161142 2.0138 
1947.5 1.6285958510630447e-06 1.3623123850603975 0.5708330465426438 2.00456 
1952.5 1.6177319588594215e-06 1.353251052079157 0.5708906509241456 1.99704 
1957.5 1.6085070928398383e-06 1.34555672839477 0.5709482553056474 1.99038 
1962.5 1.6005527218202787e-06 1.3389192596306774 0.5710058596871492 1.98367 
1967.5 1.5934749298497668e-06 1.3330090256286125 0.571063464068651 1.97618 
1972.5 1.5868794028282538e-06 1.3274963722396438 0.5711210684501529 1.96768 
1977.5 1.5803832250546846e-06 1.3220613078079961 0.5711786728316548 1.95808 
1982.5 1.573546687907568e-06 1.3163354044741538 0.5712362772131566 1.94727 
1987.5 1.5659290873927318e-06 1.3099502304292983 0.5712938815946584 1.93517 
1992.5 1.5570897195160033e-06 1.3025373811087988 0.5713514859761603 1.92186 
1997.5 1.5465878802832106e-06 1.2937285501037004 0.5714090903576621 1.90815 
2002.5 1.5341766384830883e-06 1.2833203304794933 0.5714666947391639 1.89502 
2007.5 1.5203761399041255e-06 1.2717585003074106 0.5715242991206657 1.88345 
2012.5 1.50589084431366e-06 1.2596343768172293 0.5715819035021675 1.87444 
2017.5 1.4914623927940582e-06 1.2475684116459866 0.5716395078836694 1.86857 
2022.5 1.4778102268533053e-06 1.2361616458865048 0.5716971122651712 1.86489 
2027.5 1.465505210663385e-06 1.2258890305130197 0.571754716646673 1.86203 
2032.5 1.4545343020785855e-06 1.2167313644909306 0.5718123210281748 1.85867 
2037.5 1.4447489237629052e-06 1.2085627046394352 0.5718699254096766 1.85343 
2042.5 1.435952714964464e-06 1.201218294151879 0.5719275297911786 1.84538 
2047.5 1.4279827138302217e-06 1.1945624137470467 0.5719851341726804 1.83521 
2052.5 1.420699352528735e-06 1.1884787339561242 0.5720427385541822 1.82402 
2057.5 1.414031851771601e-06 1.1829090598320937 0.572100342935684 1.81291 
2062.5 1.4079334235156246e-06 1.1778145922450076 0.5721579473171858 1.80297 
2067.5 1.4023804746646704e-06 1.1731759080395436 0.5722155516986877 1.79497 
2072.5 1.3973270134736883e-06 1.1689542076824226 0.5722731560801895 1.78836 
2077.5 1.3927152516495603e-06 1.1651009736022147 0.5723307604616913 1.78223 
2082.5 1.3883846162336805e-06 1.161480492630295 0.5723883648431931 1.77572 
2087.5 1.3841613441976227e-06 1.1579473415697064 0.5724459692246949 1.76791 
2092.5 1.3798942702364127e-06 1.154375459142325 0.5725035736061967 1.75828 
2097.5 1.3753756351991773e-06 1.1505903851164343 0.5725611779876986 1.74765 
2102.5 1.3705106685523063e-06 1.1465145525921498 0.5726187823692004 1.73719 
2107.5 1.3652977776995096e-06 1.142147951256244 0.5726763867507023 1.72809 
2112.5 1.3598395482317387e-06 1.1375777833845973 0.5727339911322041 1.72153 
2117.5 1.3541833654157979e-06 1.1328428638134438 0.572791595513706 1.71821 
2122.5 1.3484212127417893e-06 1.1280207641771134 0.5728491998952078 1.71704 
2127.5 1.3426572683969538e-06 1.1231987915779078 0.5729068042767096 1.71644 
2132.5 1.337132690431005e-06 1.1185805135430644 0.5729644086582114 1.71485 
2137.5 1.3320910257880901e-06 1.1143695404692993 0.5730220130397132 1.71069 
2142.5 1.3278214150083355e-06 1.1108082191470847 0.573079617421215 1.70295 
2147.5 1.3245682013340344e-06 1.1081001227374119 0.5731372218027169 1.69279 
2152.5 1.322517939714362e-06 1.106400282001156 0.5731948261842187 1.68191 
2157.5 1.3215142377559744e-06 1.105573043706267 0.5732524305657205 1.67201 
2162.5 1.3212693484404994e-06 1.1053761008060166 0.5733100349472223 1.66481 
2167.5 1.3215389285256438e-06 1.1056058364265804 0.5733676393287241 1.66156 
2172.5 1.3220452358702758e-06 1.1060295824045954 0.5734252437102261 1.66168 
2177.5 1.3225441263066389e-06 1.1064437557259978 0.5734828480917279 1.66416 
2182.5 1.3229288336785197e-06 1.1067610328377793 0.5735404524732297 1.66798 
2187.5 1.3230835823251466e-06 1.1068844495823382 0.5735980568547315 1.67211 
2192.5 1.3229265927081943e-06 1.1067461074589438 0.5736556612362333 1.6757 
2197.5 1.3223310889169682e-06 1.1062393978618699 0.5737132656177352 1.6785 
2202.5 1.321260685934586e-06 1.1053352267284624 0.573770869999237 1.68043 
2207.5 1.3197375833354277e-06 1.1040529831633665 0.5738284743807388 1.68141 
2212.5 1.3178533664605229e-06 1.1024702080621362 0.5738860787622406 1.68136 
2217.5 1.315700815098118e-06 1.1006644693295329 0.5739436831437424 1.68024 
2222.5 1.3133385138394766e-06 1.0986843163068727 0.5740012875252443 1.67821 
2227.5 1.3109270356432037e-06 1.0966655358369382 0.5740588919067461 1.67546 
2232.5 1.308833916320634e-06 1.0949183357713062 0.5741164962882479 1.67219 
2237.5 1.3075100638177167e-06 1.0938207806154325 0.5741741006697498 1.6686 
2242.5 1.3073849828041662e-06 1.0937315643973404 0.5742317050512517 1.66489 
2247.5 1.3089105765986135e-06 1.0950286429707823 0.5742893094327535 1.66125 
2252.5 1.3122997802898754e-06 1.0978862995728922 0.5743469138142553 1.65787 
2257.5 1.3168836716789246e-06 1.101732732484527 0.5744045181957571 1.65497 
2262.5 1.321738633448555e-06 1.1057924588370576 0.5744621225772589 1.65272 
2267.5 1.3259482661152927e-06 1.1092995980264257 0.5745197269587607 1.65129 
2272.5 1.3285963692701994e-06 1.1114883614227273 0.5745773313402626 1.65069 
2277.5 1.3290061088832244e-06 1.1117966641194648 0.5746349357217644 1.65086 
2282.5 1.3275192890000957e-06 1.1105247654251762 0.5746925401032662 1.65177 
2287.5 1.3247575944771442e-06 1.1081960224972973 0.574750144484768 1.65337 
2292.5 1.321324492087048e-06 1.105314537768599 0.5748077488662698 1.65546 
2297.5 1.3178458472514e-06 1.1024037439848002 0.5748653532477717 1.65711 
2302.5 1.3147655491569537e-06 1.0998319421522942 0.5749229576292736 1.65723 
2307.5 1.3119771786461414e-06 1.097502329255516 0.5749805620107754 1.65473 
2312.5 1.309170988200747e-06 1.0951532640664245 0.5750381663922772 1.6485 
2317.5 1.3060566428334263e-06 1.0925424064366356 0.575095770773779 1.63798 
2322.5 1.3023328073069134e-06 1.0894177641398046 0.5751533751552809 1.62471 
2327.5 1.297811931299352e-06 1.0856243209736811 0.5752109795367827 1.61073 
2332.5 1.2927187975980534e-06 1.0813558747600343 0.5752685839182845 1.59811 
2337.5 1.287387941264585e-06 1.0768935299406106 0.5753261882997863 1.58891 
2342.5 1.2821898842283265e-06 1.0725474804648871 0.5753837926812881 1.58459 
2347.5 1.2774501520462866e-06 1.068589139364118 0.57544139706279 1.58426 
2352.5 1.2733908883863778e-06 1.065202603091832 0.5754990014442918 1.58642 
2357.5 1.2697765092859032e-06 1.0621843957676789 0.5755566058257936 1.58959 
2362.5 1.26622668701278e-06 1.0592146704241086 0.5756142102072954 1.59227 
2367.5 1.2623815017384792e-06 1.0559929038061542 0.5756718145887973 1.59331 
2372.5 1.2578472365865605e-06 1.0521895745854097 0.5757294189702992 1.59285 
2377.5 1.2524005534418931e-06 1.047620611420409 0.575787023351801 1.59137 
2382.5 1.2463682234591313e-06 1.0425670406600798 0.5758446277333028 1.58935 
2387.5 1.2402461509565936e-06 1.0374456662411686 0.5759022321148046 1.58727 
2392.5 1.2345102304981177e-06 1.0326539864035573 0.5759598364963064 1.58548 
2397.5 1.2296587552964578e-06 1.0286088411921523 0.5760174408778083 1.58385 
2402.5 1.2260878311224892e-06 1.0256397914253952 0.5760750452593101 1.58209 
2407.5 1.2238156249094402e-06 1.0237566519190804 0.5761326496408119 1.57995 
2412.5 1.2227853437368742e-06 1.0229109919031119 0.5761902540223137 1.57717 
2417.5 1.2229276018381423e-06 1.0230446309764194 0.5762478584038155 1.57361 
2422.5 1.2241614159730646e-06 1.0240896368496046 0.5763054627853174 1.56966 
2427.5 1.226314416634969e-06 1.0259004651972594 0.5763630671668192 1.56585 
2432.5 1.2288364945540707e-06 1.0280118223823944 0.576420671548321 1.56271 
2437.5 1.2310569870109435e-06 1.0298614472599517 0.5764782759298229 1.56076 
2442.5 1.2323146389397922e-06 1.0308967536224078 0.5765358803113247 1.56037 
2447.5 1.2319483943493583e-06 1.0305652818014057 0.5765934846928266 1.56134 
2452.5 1.229559360425258e-06 1.0285376948604588 0.5766510890743284 1.5633 
2457.5 1.2259044613658945e-06 1.025463268027741 0.5767086934558302 1.56588 
2462.5 1.2220570862716948e-06 1.022243467140235 0.576766297837332 1.56871 
2467.5 1.2190844017820333e-06 1.0197701719673327 0.5768239022188338 1.57142 
2472.5 1.2180305786637598e-06 1.018915771259207 0.5768815066003357 1.57355 
2477.5 1.2196430311607923e-06 1.0203004311182566 0.5769391109818375 1.57464 
2482.5 1.2233645800937234e-06 1.0234397394824517 0.5769967153633393 1.57421 
2487.5 1.2282620014171784e-06 1.02754860646956 0.5770543197448411 1.5718 
2492.5 1.2334186965731474e-06 1.0318611660470676 0.5771119241263429 1.56721 
2497.5 1.2379184651526923e-06 1.035611602814208 0.5771695285078448 1.56123 
2502.5 1.2410274811307896e-06 1.0381893096288033 0.5772271328893467 1.55495 
2507.5 1.2428585852005933e-06 1.0397006616578115 0.5772847372708485 1.54942 
2512.5 1.243687528757873e-06 1.0403782218144824 0.5773423416523503 1.54572 
2517.5 1.2438496431623417e-06 1.0405030646785094 0.5773999460338521 1.54454 
2522.5 1.2436356615504165e-06 1.0403175230882384 0.577457550415354 1.54515 
2527.5 1.2432785287653951e-06 1.0400153982937577 0.5775151547968558 1.54642 
2532.5 1.2426340471110743e-06 1.039470767415387 0.5775727591783576 1.54725 
2537.5 1.2414716606385902e-06 1.0384898025871294 0.5776303635598594 1.54651 
2542.5 1.2395594198773263e-06 1.0368786628598108 0.5776879679413612 1.5435 
2547.5 1.2366767737556596e-06 1.0344532704961913 0.577745572322863 1.53909 
2552.5 1.232762947862428e-06 1.03116537892541 0.5778031767043649 1.53453 
2557.5 1.2285350459616091e-06 1.027625593313428 0.5778607810858667 1.5311 
2562.5 1.224894684870565e-06 1.0245900369827587 0.5779183854673685 1.53007 
2567.5 1.222757865923697e-06 1.0228245628176127 0.5779759898488704 1.53222 
2572.5 1.223040789529943e-06 1.0230948795279857 0.5780335942303723 1.53643 
2577.5 1.2263177041284029e-06 1.025875700055855 0.5780911986118741 1.5411 
2582.5 1.23176628124475e-06 1.030459652862895 0.5781488029933759 1.54464 
2587.5 1.2382321485383788e-06 1.0358774083378184 0.5782064073748777 1.54544 
2592.5 1.2445555586562028e-06 1.0411594941364462 0.5782640117563795 1.54244 
2597.5 1.249542569048153e-06 1.0453074638744926 0.5783216161378814 1.53677 
2602.5 1.2523063967134056e-06 1.047584685584384 0.5783792205193832 1.53007 
2607.5 1.2529686927751377e-06 1.0481072108332006 0.578436824900885 1.524 
2612.5 1.2519763836885736e-06 1.0472529438674585 0.5784944292823868 1.52022 
2617.5 1.249747575724433e-06 1.045370877494947 0.5785520336638886 1.51991 
2622.5 1.2467339731268103e-06 1.042839072433187 0.5786096380453905 1.52237 
2627.5 1.2432966901714523e-06 1.03995807513456 0.5786672424268923 1.52645 
2632.5 1.2396584677498804e-06 1.0369121473190923 0.5787248468083942 1.53097 
2637.5 1.2359826658642078e-06 1.033837065441773 0.578782451189896 1.53478 
2642.5 1.2323974539468831e-06 1.0308395259271224 0.5788400555713978 1.53697 
2647.5 1.2290873962017188e-06 1.0280746224943502 0.5788976599528997 1.53769 
2652.5 1.2261696618112407e-06 1.0256392955893627 0.5789552643344015 1.53735 
2657.5 1.2236234447228227e-06 1.0235142098816983 0.5790128687159033 1.53634 
2662.5 1.2214255499894026e-06 1.0216799765401492 0.5790704730974051 1.5351 
2667.5 1.2195071890679408e-06 1.020078451843101 0.5791280774789069 1.53391 
2672.5 1.2178557691122249e-06 1.018699888024324 0.5791856818604088 1.5327 
2677.5 1.2163799038557622e-06 1.0174667058577722 0.5792432862419106 1.53127 
2682.5 1.2148842279193544e-06 1.016214107454926 0.5793008906234124 1.52943 
2687.5 1.2131259906569987e-06 1.0147385219029912 0.5793584950049142 1.52701 
2692.5 1.2108730435235416e-06 1.0128460660037586 0.579416099386416 1.52389 
2697.5 1.207904835447361e-06 1.0103525952381405 0.5794737037679178 1.52033 
2702.5 1.204092201623327e-06 1.007151595393611 0.5795313081494198 1.51664 
2707.5 1.1997749042013778e-06 1.0035338113995844 0.5795889125309216 1.51318 
2712.5 1.1954376481753742e-06 0.9999063647271759 0.5796465169124234 1.51026 
2717.5 1.1915561290346171e-06 0.9966667366604345 0.5797041212939252 1.50819 
2722.5 1.188617241592867e-06 0.994222033784835 0.579761725675427 1.5071 
2727.5 1.1869257053545057e-06 0.9928242295032084 0.5798193300569289 1.50711 
2732.5 1.1862815250755748e-06 0.992298937594372 0.5798769344384307 1.50831 
2737.5 1.1862707750506159e-06 0.9922972618831019 0.5799345388199325 1.51081 
2742.5 1.1865215398284968e-06 0.9925089837480369 0.5799921432014343 1.51452 
2747.5 1.186651301857235e-06 0.9926142460663173 0.5800497475829361 1.51862 
2752.5 1.1863913285002588e-06 0.9923902045166165 0.580107351964438 1.52207 
2757.5 1.1860220010180982e-06 0.9920790926512894 0.5801649563459398 1.52385 
2762.5 1.1859928338349478e-06 0.9920589052040638 0.5802225607274416 1.52292 
2767.5 1.1866991364235394e-06 0.992659261443105 0.5802801651089435 1.51866 
2772.5 1.1885922148788937e-06 0.9942581309805779 0.5803377694904454 1.51194 
2777.5 1.1919078010878183e-06 0.9970492647560253 0.5803953738719472 1.50406 
2782.5 1.1962509325762276e-06 1.0006934794251736 0.580452978253449 1.49628 
2787.5 1.2010105265886395e-06 1.0046770434943524 0.5805105826349508 1.48989 
2792.5 1.2056061122249024e-06 1.0085152055168876 0.5805681870164526 1.48583 
2797.5 1.2094236206114902e-06 1.0116942087968204 0.5806257913979544 1.48375 
2802.5 1.2120079632371906e-06 1.0138360638207045 0.5806833957794563 1.48296 
2807.5 1.2134881569830246e-06 1.0150569330568657 0.5807410001609581 1.48277 
2812.5 1.2141287539203025e-06 1.0155797157288589 0.5807986045424599 1.48249 
2817.5 1.2142306911372183e-06 1.0156564291395682 0.5808562089239617 1.48163 
2822.5 1.2140499093495953e-06 1.015500349637758 0.5809138133054635 1.48044 
2827.5 1.2138187561771235e-06 1.0153053071277334 0.5809714176869654 1.47938 
2832.5 1.2134956195145496e-06 1.0150326119436657 0.5810290220684673 1.47891 
2837.5 1.2129999142707668e-06 1.0146144367484313 0.5810866264499691 1.47946 
2842.5 1.2122276613330702e-06 1.013963568136738 0.5811442308314709 1.48125 
2847.5 1.2110858818386762e-06 1.0130025063380335 0.5812018352129728 1.48346 
2852.5 1.2095615847923004e-06 1.0117216506285411 0.5812594395944746 1.48506 
2857.5 1.2079737262912547e-06 1.0103923814695637 0.5813170439759764 1.48497 
2862.5 1.2067154259883703e-06 1.0093442913400055 0.5813746483574782 1.48216 
2867.5 1.2061923963826911e-06 1.0089166718253695 0.58143225273898 1.476 
2872.5 1.2068105490477965e-06 1.0094487364830715 0.5814898571204818 1.46768 
2877.5 1.2087820227743596e-06 1.0111148287837601 0.5815474615019837 1.45881 
2882.5 1.2116430665452547e-06 1.0135176093438427 0.5816050658834855 1.451 
2887.5 1.2147130127638145e-06 1.0160851771505077 0.5816626702649873 1.44587 
2892.5 1.2173190088907135e-06 1.0182552461897814 0.5817202746464891 1.44458 
2897.5 1.2187656046631726e-06 1.019446243547229 0.581777879027991 1.44644 
2902.5 1.2186077164472214e-06 1.0192899308961603 0.5818354834094929 1.45032 
2907.5 1.2172253249762969e-06 1.0181157048747032 0.5818930877909947 1.45505 
2912.5 1.2151951187343616e-06 1.0164082082075734 0.5819506921724965 1.45952 
2917.5 1.213153963392931e-06 1.0147005949524337 0.5820082965539983 1.46277 
2922.5 1.2116941264002238e-06 1.0134872501849967 0.5820659009355001 1.46476 
2927.5 1.2112930949163682e-06 1.0131655401894055 0.582123505317002 1.46562 
2932.5 1.2119020390023786e-06 1.0136871266303673 0.5821811096985038 1.46552 
2937.5 1.2133489873006544e-06 1.0149066339528372 0.5822387140800056 1.4646 
2942.5 1.2154485793092386e-06 1.0166689220489886 0.5822963184615074 1.463 
2947.5 1.2179924586536481e-06 1.0187994559617815 0.5823539228430092 1.46086 
2952.5 1.2208402612042955e-06 1.0211817933038752 0.5824115272245111 1.45829 
2957.5 1.2238414188798156e-06 1.0236898023879948 0.5824691316060129 1.45542 
2962.5 1.2269021565192797e-06 1.0262457425282856 0.5825267359875148 1.45236 
2967.5 1.2299068975364529e-06 1.028752449450111 0.5825843403690166 1.44932 
2972.5 1.2327510655950204e-06 1.0311223318958334 0.5826419447505184 1.44679 
2977.5 1.23531888503421e-06 1.0332579117375555 0.5826995491320203 1.44534 
2982.5 1.2374259907247462e-06 1.035003229924877 0.5827571535135221 1.44556 
2987.5 1.2388754246911398e-06 1.0361918933559078 0.5828147578950239 1.44801 
2992.5 1.2394814282823615e-06 1.0366654420197499 0.5828723622765257 1.45297 
2997.5 1.2390356451239285e-06 1.0362409836880824 0.5829299666580275 1.45952 
