-1987.5 2.1144871398032743e-11 0.9048101711385624 0.2258089114840512 1.15505 
-1982.5 2.2347410002968884e-11 0.9076906780210825 0.22571383317240806 1.15864 
-1977.5 2.2344281618197405e-11 0.9084025065973453 0.22561875486076494 1.16201 
-1972.5 2.236092149962966e-11 0.9094861153444697 0.22552367654912178 1.16495 
-1967.5 2.2407512718384944e-11 0.9116482959764612 0.22542859823747866 1.16725 
-1962.5 2.2494193693768078e-11 0.9153801172027441 0.22533351992583553 1.16869 
-1957.5 2.2624710074339177e-11 0.9208473770267886 0.2252384416141924 1.16914 
-1952.5 2.2776810974507207e-11 0.9271105240457974 0.22514336330254925 1.16883 
-1947.5 2.2920314236602255e-11 0.9329452501058655 0.22504828499090612 1.16807 
-1942.5 2.3024666686233838e-11 0.9371228337075043 0.224953206679263 1.16717 
-1937.5 2.3059338135090796e-11 0.9384160674737648 0.22485812836761987 1.16644 
-1932.5 2.30052467827171e-11 0.9360877270418003 0.22476305005597674 1.16619 
-1927.5 2.288987156050934e-11 0.9313488009390369 0.22466797174433362 1.1667 
-1922.5 2.275472922258651e-11 0.9259002751119321 0.22457289343269046 1.16822 
-1917.5 2.2642037385950168e-11 0.9214473050593595 0.22447781512104734 1.17103 
-1912.5 2.259399332221094e-11 0.9196918687865816 0.2243827368094042 1.1754 
-1907.5 2.2640679318823503e-11 0.9218164279086221 0.22428765849776106 1.1814 
-1902.5 2.2763211075236112e-11 0.9269540042583697 0.22419258018611793 1.18831 
-1897.5 2.2927725959945024e-11 0.9337126057947147 0.2240975018744748 1.19521 
-1892.5 2.309975218299291e-11 0.9407011088780297 0.22400242356283168 1.20119 
-1887.5 2.3244754277561236e-11 0.9465264984069433 0.22390734525118855 1.20533 
-1882.5 2.333672065123369e-11 0.9501611633797639 0.22381226693954542 1.20698 
-1877.5 2.3383827151603915e-11 0.9520080344014265 0.22371718862790227 1.20657 
-1872.5 2.340466711414094e-11 0.9528348119752951 0.22362211031625914 1.20477 
-1867.5 2.3418344067403464e-11 0.9534122081133214 0.22352703200461602 1.20229 
-1862.5 2.3443916888135675e-11 0.9545082570973357 0.2234319536929729 1.19981 
-1857.5 2.349455737608256e-11 0.9566388102383484 0.22333687538132974 1.19789 
-1852.5 2.3559538591550866e-11 0.9593195644161199 0.2232417970696866 1.1966 
-1847.5 2.3620849833571436e-11 0.9618112847622128 0.22314671875804348 1.19588 
-1842.5 2.366011676629179e-11 0.9633725927795311 0.22305164044640036 1.19565 
-1837.5 2.3659009705673954e-11 0.9632653422248911 0.22295656213475723 1.19587 
-1832.5 2.360632729296347e-11 0.9610569518764349 0.2228614838231141 1.19647 
-1827.5 2.3519803200568266e-11 0.9575258693225954 0.22276640551147095 1.19742 
-1822.5 2.3425981304803987e-11 0.953758918964667 0.22267132719982782 1.19869 
-1817.5 2.3351817429377123e-11 0.950844443921903 0.2225762488881847 1.20023 
-1812.5 2.3324244411914827e-11 0.9498685032453054 0.22248117057654154 1.20203 
-1807.5 2.336258537743877e-11 0.951590888077953 0.22238609226489842 1.2041 
-1802.5 2.3455292847994896e-11 0.9554792915214126 0.2222910139532553 1.20668 
-1797.5 2.3581393859407234e-11 0.9606711464850813 0.22219593564161216 1.21007 
-1792.5 2.37195663968539e-11 0.9663057828758326 0.22210085732996904 1.21456 
-1787.5 2.3848378796493124e-11 0.9715179911074601 0.2220057790183259 1.22045 
-1782.5 2.3950392370567145e-11 0.9756138505093422 0.22191070070668276 1.22781 
-1777.5 2.4023890788683845e-11 0.9785571831708159 0.22181562239503963 1.23584 
-1772.5 2.4072001238089188e-11 0.9804819099252418 0.2217205440833965 1.24351 
-1767.5 2.4098032033073092e-11 0.9815212140240516 0.22162546577175338 1.24979 
-1762.5 2.410528884723708e-11 0.9818087553150887 0.22153038746011022 1.25366 
-1757.5 2.409760603400746e-11 0.9815010202323121 0.2214353091484671 1.25443 
-1752.5 2.40808481036297e-11 0.9808394758650297 0.22134023083682397 1.25277 
-1747.5 2.4061454157881558e-11 0.9800854177536107 0.22124515252518084 1.24968 
-1742.5 2.40459356775835e-11 0.9795021665490143 0.22115007421353772 1.24618 
-1737.5 2.404078379816506e-11 0.9793518561514044 0.2210549959018946 1.24328 
-1732.5 2.405145396114131e-11 0.9798522410224837 0.22095991759025144 1.24179 
-1727.5 2.4079388586891916e-11 0.9810531448955787 0.2208648392786083 1.24179 
-1722.5 2.4124791609102977e-11 0.9829607693090594 0.22076976096696518 1.24316 
-1717.5 2.418776289415706e-11 0.9855788644724893 0.22067468265532203 1.24578 
-1712.5 2.4268445639907014e-11 0.9889124049466542 0.2205796043436789 1.24955 
-1707.5 2.4364365271849402e-11 0.9928540419146483 0.22048452603203578 1.25433 
-1702.5 2.4463633306268164e-11 0.9969029875279367 0.22038944772039265 1.25992 
-1697.5 2.4550174374119133e-11 1.000402343485884 0.22029436940874952 1.26612 
-1692.5 2.460908233639049e-11 1.0027531265401957 0.2201992910971064 1.2727 
-1687.5 2.4624380970755524e-11 1.0033091930824396 0.22010421278546324 1.27947 
-1682.5 2.4586694000685824e-11 1.0017098378950315 0.22000913447382012 1.28614 
-1677.5 2.4510703711190746e-11 0.998599611256704 0.219914056162177 1.29216 
-1672.5 2.4417969000848457e-11 0.9948606979938484 0.21981897785053386 1.29688 
-1667.5 2.4330825372432248e-11 0.9913960818407048 0.2197238995388907 1.29969 
-1662.5 2.4271289944409358e-11 0.9890935250975729 0.21962882122724758 1.29995 
-1657.5 2.4256831772454177e-11 0.9886464367578929 0.21953374291560446 1.29742 
-1652.5 2.428502969267777e-11 0.9899148881902471 0.21943866460396133 1.29331 
-1647.5 2.4347645807058015e-11 0.9925570070443532 0.2193435862923182 1.28923 
-1642.5 2.443573613184827e-11 0.996211152384069 0.21924850798067508 1.2868 
-1637.5 2.4541044165221584e-11 1.0005456859909003 0.21915342966903192 1.28761 
-1632.5 2.4656227807036136e-11 1.005266720753816 0.2190583513573888 1.29279 
-1627.5 2.4780431232444722e-11 1.0103534188730043 0.21896327304574567 1.30161 
-1622.5 2.4914777338530282e-11 1.0158540419855442 0.21886819473410254 1.31285 
-1617.5 2.5060251585676442e-11 1.0218074204632968 0.2187731164224594 1.3253 
-1612.5 2.521782623082483e-11 1.0282520477028836 0.21867803811081626 1.33774 
-1607.5 2.5386864505363324e-11 1.0351572980157762 0.21858295979917314 1.34916 
-1602.5 2.5559051810403782e-11 1.0421706187022033 0.21848788148753 1.35935 
-1597.5 2.5723798947124462e-11 1.0488604706299982 0.21839280317588688 1.36831 
-1592.5 2.587064094996091e-11 1.0548048362784312 0.21829772486424373 1.37603 
-1587.5 2.598866633520389e-11 1.0595632926810354 0.2182026465526006 1.3825 
-1582.5 2.607176428892139e-11 1.062902390372355 0.21810756824095748 1.38774 
-1577.5 2.6133409576108573e-11 1.0654082794418505 0.21801248992931435 1.39185 
-1572.5 2.6191863823584062e-11 1.06782604382468 0.21791741161767123 1.39495 
-1567.5 2.6266519356412232e-11 1.0709404343384594 0.21782233330602807 1.39714 
-1562.5 2.6376131731045374e-11 1.0755059392523454 0.21772725499438494 1.39856 
-1557.5 2.653344051298154e-11 1.0820204341484538 0.21763217668274182 1.39937 
-1552.5 2.672486770857314e-11 1.089879244568923 0.2175370983710987 1.39988 
-1547.5 2.693005653697701e-11 1.0982494330130748 0.21744202005945557 1.40049 
-1542.5 2.7126967373423315e-11 1.1062384325692192 0.2173469417478124 1.40155 
-1537.5 2.7294400815663716e-11 1.1129934102977534 0.21725186343616928 1.40345 
-1532.5 2.7416956795052715e-11 1.1179082445368187 0.21715678512452616 1.40638 
-1527.5 2.7504620155474865e-11 1.121440307846699 0.21706170681288303 1.40986 
-1522.5 2.7573871853448848e-11 1.1242653333487858 0.21696662850123988 1.41323 
-1517.5 2.764240276439123e-11 1.12709931418652 0.21687155018959675 1.41583 
-1512.5 2.772795657748662e-11 1.1306575995882777 0.21677647187795362 1.417 
-1507.5 2.7842530462084834e-11 1.1354098148317693 0.2166813935663105 1.41633 
-1502.5 2.7979862359600784e-11 1.1410640962313665 0.21658631525466737 1.41445 
-1497.5 2.8126683962344108e-11 1.1470725217417594 0.21649123694302425 1.41221 
-1492.5 2.8270303116305666e-11 1.1529247742752784 0.2163961586313811 1.4105 
-1487.5 2.839762075965758e-11 1.158091568807896 0.21630108031973797 1.41017 
-1482.5 2.849872947479542e-11 1.1621815241680247 0.21620600200809484 1.4119 
-1477.5 2.85770087575263e-11 1.165359417851707 0.2161109236964517 1.4155 
-1472.5 2.8639119168579428e-11 1.1678993724774025 0.21601584538480856 1.4206 
-1467.5 2.8692326228132938e-11 1.170095840382541 0.21592076707316543 1.42682 
-1462.5 2.8743921863249003e-11 1.1722435468627168 0.2158256887615223 1.43378 
-1457.5 2.880096814019641e-11 1.1746274804880248 0.21573061044987918 1.44111 
-1452.5 2.8869824339421733e-11 1.177503304408771 0.21563553213823605 1.44855 
-1447.5 2.8956120548665348e-11 1.18109733888624 0.2155404538265929 1.45584 
-1442.5 2.9066136827721765e-11 1.1856647578228725 0.21544537551494977 1.46273 
-1437.5 2.920596298591814e-11 1.1914503601492616 0.21535029720330665 1.46897 
-1432.5 2.937868743882552e-11 1.1985709307205168 0.21525521889166352 1.47438 
-1427.5 2.957734294315292e-11 1.206723469024659 0.21516014058002036 1.47909 
-1422.5 2.979186603887545e-11 1.2154961695429694 0.21506506226837724 1.4833 
-1417.5 3.001204802810609e-11 1.2244765245652363 0.2149699839567341 1.48722 
-1412.5 3.02274503521644e-11 1.2332423758942297 0.21487490564509099 1.49105 
-1407.5 3.042900041368829e-11 1.2414305028334072 0.21477982733344786 1.49498 
-1402.5 3.061207219104219e-11 1.2488632046942607 0.21468474902180473 1.4991 
-1397.5 3.077366969274916e-11 1.2554220518608339 0.21458967071016158 1.5035 
-1392.5 3.091110600877771e-11 1.26099884759366 0.21449459239851845 1.50826 
-1387.5 3.102101785015821e-11 1.265456926089581 0.21439951408687533 1.51346 
-1382.5 3.110276064711568e-11 1.2687775345797456 0.2143044357752322 1.51913 
-1377.5 3.116343367736124e-11 1.2712642153203932 0.21420935746358905 1.52505 
-1372.5 3.121287054012639e-11 1.2733192377531681 0.21411427915194592 1.53093 
-1367.5 3.1261036869062745e-11 1.2753454994505247 0.2140192008403028 1.53649 
-1362.5 3.1317668437028565e-11 1.2777363537334956 0.21392412252865967 1.54145 
-1357.5 3.1392717674233456e-11 1.2808949207446787 0.21382904421701654 1.54556 
-1352.5 3.149660993591583e-11 1.2852436901811106 0.21373396590537339 1.54874 
-1347.5 3.1639337262611354e-11 1.2911855372287304 0.21363888759373026 1.55092 
-1342.5 3.183132500955845e-11 1.2991421736090034 0.21354380928208713 1.55207 
-1337.5 3.208302493887955e-11 1.3095335190007653 0.213448730970444 1.55212 
-1332.5 3.2397303406515165e-11 1.3224543001875948 0.21335365265880088 1.55117 
-1327.5 3.2748548038025556e-11 1.336808520675127 0.21325857434715773 1.54985 
-1322.5 3.3102180093656755e-11 1.3511841174174055 0.2131634960355146 1.54894 
-1317.5 3.342319832351035e-11 1.3641676995457601 0.21306841772387147 1.54924 
-1312.5 3.367660147768792e-11 1.3743479284258742 0.21297333941222835 1.55151 
-1307.5 3.3838191763580465e-11 1.380776596095795 0.21287826110058522 1.55635 
-1302.5 3.392553703237077e-11 1.384252560606209 0.21278318278894207 1.56363 
-1297.5 3.396960186944491e-11 1.3860488923317744 0.21268810447729894 1.57299 
-1292.5 3.4001524903818844e-11 1.3874220011870018 0.2125930261656558 1.5841 
-1287.5 3.4052878079211257e-11 1.3896471891341926 0.2124979478540127 1.59664 
-1282.5 3.414928336559671e-11 1.393743860712987 0.21240286954236953 1.61033 
-1277.5 3.429303336411821e-11 1.3997556229351031 0.2123077912307264 1.62519 
-1272.5 3.4480043394262765e-11 1.407507941210807 0.21221271291908328 1.6413 
-1267.5 3.470524871741289e-11 1.4167954874958644 0.21211763460744015 1.65874 
-1262.5 3.496400470621186e-11 1.4274318017253764 0.21202255629579703 1.6776 
-1257.5 3.525146327939356e-11 1.4392206240629442 0.21192747798415387 1.69775 
-1252.5 3.556414231701024e-11 1.4520238882097092 0.21183239967251075 1.71829 
-1247.5 3.589794933738604e-11 1.4656744056257391 0.21173732136086762 1.73813 
-1242.5 3.624921197010585e-11 1.4800241902547169 0.2116422430492245 1.75618 
-1237.5 3.6614284251638586e-11 1.4949247281597815 0.21154716473758137 1.77132 
-1232.5 3.698722161051924e-11 1.5101288511330941 0.2114520864259382 1.7829 
-1227.5 3.735206342674683e-11 1.5249699158946222 0.2113570081142951 1.79193 
-1222.5 3.7689982724379844e-11 1.5386825852125687 0.21126192980265196 1.79987 
-1217.5 3.7982480214643434e-11 1.5505209143631626 0.21116685149100883 1.80816 
-1212.5 3.821016357247321e-11 1.5597021256206451 0.2110717731793657 1.81825 
-1207.5 3.836324181235916e-11 1.5658567634208373 0.21097669486772255 1.83123 
-1202.5 3.84648888652241e-11 1.5699918024012414 0.21088161655607943 1.84677 
-1197.5 3.854956463984392e-11 1.5735187658428895 0.2107865382444363 1.86419 
-1192.5 3.865181066453021e-11 1.5778317628245977 0.21069145993279317 1.88278 
-1187.5 3.8806371921503984e-11 1.5843333634722052 0.21059638162115002 1.90185 
-1182.5 3.904019132945293e-11 1.5940910814133642 0.2105013033095069 1.92072 
-1177.5 3.934873168292836e-11 1.6068549202277578 0.21040622499786377 1.93872 
-1172.5 3.9717858044834414e-11 1.6220385882593042 0.21031114668622064 1.95515 
-1167.5 4.013344628263354e-11 1.6390728767771932 0.2102160683745775 1.96935 
-1162.5 4.0580479227498627e-11 1.657349225717727 0.2101209900629344 1.98064 
-1157.5 4.1045725783181684e-11 1.6763367481538352 0.21002591175129123 1.98867 
-1152.5 4.151697992414434e-11 1.6955438358928143 0.2099308334396481 1.9944 
-1147.5 4.198346760337669e-11 1.7145374990912012 0.20983575512800498 1.9991 
-1142.5 4.2434034272934096e-11 1.7328657036029589 0.20974067681636185 2.00405 
-1137.5 4.285749897798789e-11 1.750077061921788 0.2096455985047187 2.01053 
-1132.5 4.324543909323012e-11 1.765838333270053 0.20955052019307557 2.01961 
-1127.5 4.359832514480588e-11 1.78018733552799 0.20945544188143245 2.03155 
-1122.5 4.3918968276003934e-11 1.7932415359233307 0.20936036356978932 2.04638 
-1117.5 4.42109748400293e-11 1.8051485349658147 0.2092652852581462 2.06415 
-1112.5 4.4477760939619703e-11 1.8160473741643144 0.20917020694650304 2.08491 
-1107.5 4.472617738597169e-11 1.8262251072100824 0.2090751286348599 2.10848 
-1102.5 4.497706468951552e-11 1.8365543110546823 0.2089800503232168 2.1339 
-1097.5 4.525527361830979e-11 1.8480460267616918 0.20888497201157366 2.15995 
-1092.5 4.5586069649394684e-11 1.861721434686377 0.2087898936999305 2.18545 
-1087.5 4.5994731463252374e-11 1.878600113917825 0.20869481538828738 2.20921 
-1082.5 4.649895233418313e-11 1.8993762284881095 0.20859973707664425 2.2304 
-1077.5 4.708564819817303e-11 1.9234556873815043 0.20850465876500113 2.2497 
-1072.5 4.773240673068039e-11 1.9499179937677116 0.208409580453358 2.26817 
-1067.5 4.8415920171990317e-11 1.9778213354455576 0.20831450214171487 2.28686 
-1062.5 4.911377379867742e-11 2.0062632652893684 0.20821942383007172 2.3068 
-1057.5 4.980774319536543e-11 2.0345192104515886 0.2081243455184286 2.3289 
-1052.5 5.0500299219246216e-11 2.0627329113973927 0.20802926720678547 2.35332 
-1047.5 5.120014477130546e-11 2.09126558536163 0.20793418889514234 2.38009 
-1042.5 5.19160433674598e-11 2.1204699194405876 0.2078391105834992 2.40921 
-1037.5 5.2656745320183815e-11 2.150698097926259 0.20774403227185606 2.44071 
-1032.5 5.342732316925787e-11 2.1821446962330127 0.20764895396021293 2.47439 
-1027.5 5.421792710861297e-11 2.214379807724922 0.2075538756485698 2.50926 
-1022.5 5.5013954678403637e-11 2.2468057217236517 0.20745879733692668 2.54411 
-1017.5 5.580034909947671e-11 2.2788144260113268 0.20736371902528353 2.57774 
-1012.5 5.6562729971617225e-11 2.309828233502733 0.2072686407136404 2.60895 
-1007.5 5.7292043303184255e-11 2.339496733854333 0.20717356240199727 2.63691 
-1002.5 5.800413388659614e-11 2.3685135496574046 0.20707848409035415 2.66229 
-997.5 5.872200580240144e-11 2.3978196812528294 0.20698340577871102 2.68615 
-992.5 5.946899321719913e-11 2.4283574231914904 0.20688832746706787 2.70953 
-987.5 6.026866015838152e-11 2.4610777154628463 0.20679324915542474 2.73347 
-982.5 6.1138147754568e-11 2.4966555564145514 0.20669817084378161 2.75887 
-977.5 6.20684830291417e-11 2.5346729821877263 0.2066030925321385 2.78605 
-972.5 6.304300797855855e-11 2.574444875477341 0.20650801422049536 2.81515 
-967.5 6.404470810634019e-11 2.6152844897836323 0.2064129359088522 2.84634 
-962.5 6.505656891600823e-11 2.656505349288917 0.20631785759720908 2.87976 
-957.5 6.606479396219172e-11 2.697558901710477 0.20622277928556595 2.91542 
-952.5 6.706887371293131e-11 2.7384528683007012 0.20612770097392283 2.95267 
-947.5 6.807272900515665e-11 2.7793529452472527 0.20603262266227967 2.99069 
-942.5 6.90798023484895e-11 2.8203967797952005 0.20593754435063655 3.02867 
-937.5 7.009395636381228e-11 2.861741978137129 0.20584246603899342 3.06581 
-932.5 7.112022938285847e-11 2.9035955595175844 0.2057473877273503 3.10169 
-927.5 7.216763338805924e-11 2.946330584213993 0.20565230941570717 3.13748 
-922.5 7.324701384591371e-11 2.9903888382453374 0.20555723110406404 3.17476 
-917.5 7.436884892542841e-11 3.036192799189344 0.2054621527924209 3.2151 
-912.5 7.554405011031255e-11 3.084183545001263 0.20536707448077776 3.26008 
-907.5 7.67796476576717e-11 3.134634778940449 0.20527199616913464 3.31067 
-902.5 7.806842585770036e-11 3.18722481732834 0.2051769178574915 3.36554 
-897.5 7.939845595714243e-11 3.241464206162408 0.20508183954584835 3.42276 
-892.5 8.075804446581445e-11 3.2968821323926543 0.20498676123420523 3.48042 
-887.5 8.213529443962354e-11 3.3529987521389186 0.2048916829225621 3.53659 
-882.5 8.352220336452249e-11 3.409501692484711 0.20479660461091898 3.58999 
-877.5 8.492616399734217e-11 3.4667226894460574 0.20470152629927585 3.6419 
-872.5 8.635957801636744e-11 3.5251712091748706 0.2046064479876327 3.69426 
-867.5 8.783531462263278e-11 3.585367251767639 0.20451136967598957 3.749 
-862.5 8.93655666382345e-11 3.64780096189064 0.20441629136434644 3.80805 
-857.5 9.095857964145524e-11 3.712794700461124 0.20432121305270332 3.87288 
-852.5 9.260536505335238e-11 3.7799487600056083 0.20422613474106016 3.94313 
-847.5 9.429136002440646e-11 3.8486660562130943 0.20413105642941703 4.01796 
-842.5 9.600173763625774e-11 3.9183487508364436 0.2040359781177739 4.09658 
-837.5 9.772167097054646e-11 3.9884003991493873 0.20394089980613078 4.17814 
-832.5 9.944368865430143e-11 4.0585397001829815 0.20384582149448766 4.26199 
-827.5 1.0118763553752272e-10 4.129627227006553 0.20375074318284453 4.34811 
-822.5 1.0298202695752118e-10 4.202829696805829 0.20365566487120138 4.43664 
-817.5 1.0485601741910345e-10 4.279324834976076 0.20356058655955825 4.5277 
-812.5 1.0683877463051821e-10 4.3602883476557635 0.20346550824791512 4.62143 
-807.5 1.0894843298193135e-10 4.4464230760332955 0.203370429936272 4.71788 
-802.5 1.11160198712308e-10 4.536636334483488 0.20327535162462884 4.81662 
-797.5 1.1343627503078669e-10 4.629380930985744 0.20318027331298572 4.91717 
-792.5 1.157382577881733e-10 4.723107838621566 0.2030851950013426 5.01899 
-787.5 1.18027283113687e-10 4.816251938011197 0.20299011668969946 5.12159 
-782.5 1.2028170028916724e-10 4.9079872580858455 0.20289503837805634 5.22492 
-777.5 1.2254842792786174e-10 5.000356873306093 0.20279996006641318 5.33079 
-772.5 1.248941268497143e-10 5.096086800346027 0.20270488175477006 5.44148 
-767.5 1.2738751821613463e-10 5.197955351638733 0.20260980344312693 5.55925 
-762.5 1.3009669962336247e-10 5.308709276443299 0.2025147251314838 5.6864 
-757.5 1.330740985233606e-10 5.430425088820875 0.20241964681984068 5.82429 
-752.5 1.3630918211981936e-10 5.562544296903244 0.20232456850819752 5.97071 
-747.5 1.3977222215313453e-10 5.703835841737147 0.2022294901965544 6.12254 
-742.5 1.4343259252964497e-10 5.853064254738439 0.20213441188491127 6.27668 
-737.5 1.4725943729489622e-10 6.008983962117583 0.20203933357326814 6.43001 
-732.5 1.5122625464606616e-10 6.170535980121876 0.20194425526162502 6.58042 
-727.5 1.5532265404047507e-10 6.33733463878404 0.20184917694998186 6.72977 
-722.5 1.5954398304960334e-10 6.509201308498835 0.20175409863833874 6.88092 
-717.5 1.6388494707404006e-10 6.6859198319088 0.2016590203266956 7.03674 
-712.5 1.6834065842219315e-10 6.867294106595587 0.20156394201505248 7.2001 
-707.5 1.729074051133214e-10 7.053177679853947 0.20146886370340933 7.37302 
-702.5 1.7758659812134837e-10 7.2436390067379 0.2013737853917662 7.55426 
-697.5 1.8238154792147568e-10 7.438815675260957 0.20127870708012308 7.74171 
-692.5 1.8729473796982537e-10 7.638807138974849 0.20118362876847995 7.9333 
-687.5 1.9232974821271852e-10 7.843762178396725 0.20108855045683682 8.12692 
-682.5 1.9749183363923988e-10 8.053899556662678 0.20099347214519367 8.32131 
-677.5 2.0279852428461823e-10 8.26995496896687 0.20089839383355054 8.51848 
-672.5 2.0827011871364945e-10 8.49275358477584 0.20080331552190742 8.72125 
-667.5 2.1392703432210766e-10 8.723120872653503 0.2007082372102643 8.93244 
-662.5 2.1979014822735372e-10 8.961900339622627 0.20061315889862116 9.1549 
-657.5 2.258734681298307e-10 9.209639937640013 0.200518080586978 9.39054 
-652.5 2.3216440149627474e-10 9.465775094909763 0.20042300227533488 9.63779 
-647.5 2.3864287422040404e-10 9.729483763613548 0.20032792396369176 9.89416 
-642.5 2.452889286280314e-10 9.999961557365465 0.20023284565204863 10.1572 
-637.5 2.520796452615394e-10 10.276278375502491 0.2001377673404055 10.4243 
-632.5 2.5899997814633317e-10 10.557846147219943 0.20004268902876235 10.6941 
-627.5 2.660468364679581e-10 10.844565925903416 0.19994761071711922 10.9683 
-622.5 2.7322468540786177e-10 11.136632769279052 0.1998525324054761 11.2498 
-617.5 2.805337890348845e-10 11.434049170094305 0.19975745409383297 11.5413 
-612.5 2.8797874456489407e-10 11.737012631707993 0.19966237578218984 11.8457 
-607.5 2.9556441328259865e-10 12.04572280772404 0.1995672974705467 12.1647 
-602.5 3.033048509044421e-10 12.360770298726557 0.19947221915890356 12.4955 
-597.5 3.112238357162843e-10 12.683136150573226 0.19937714084726044 12.8344 
-592.5 3.193387783178641e-10 13.013510920769482 0.1992820625356173 13.1776 
-587.5 3.276689918135938e-10 13.352681036324425 0.19918698422397418 13.5212 
-582.5 3.362293241264381e-10 13.70123656111345 0.19909190591233103 13.863 
-577.5 3.4502056746291776e-10 14.059181583743129 0.1989968276006879 14.2061 
-572.5 3.5403582599923104e-10 14.42622584881088 0.19890174928904478 14.5553 
-567.5 3.6326780780831573e-10 14.802077941040185 0.19880667097740165 14.9152 
-562.5 3.7270922096310974e-10 15.186446994339107 0.1987115926657585 15.2906 
-557.5 3.8235507214448473e-10 15.57914169983525 0.19861651435411537 15.6848 
-552.5 3.922165903232701e-10 15.980653671069227 0.19852143604247224 16.0965 
-547.5 4.0230822731917e-10 16.39157472244327 0.19842635773082912 16.5231 
-542.5 4.126422683783749e-10 16.812401052849506 0.198331279419186 16.9618 
-537.5 4.23230866712655e-10 17.243631372090892 0.19823620110754284 17.4101 
-532.5 4.340976685734502e-10 17.686255859841445 0.1981411227958997 17.8661 
-527.5 4.45299160895376e-10 18.14263136277937 0.19804604448425658 18.3305 
-522.5 4.5690057491873134e-10 18.615411950203637 0.19795096617261346 18.8049 
-517.5 4.689698365950099e-10 19.10734917834862 0.19785588786097033 19.2908 
-512.5 4.815727053021911e-10 19.621091328327534 0.19776080954932718 19.7897 
-507.5 4.947449264806937e-10 20.158005806002706 0.19766573123768405 20.3032 
-502.5 5.084078973347125e-10 20.714677726054013 0.19757065292604092 20.833 
-497.5 5.224374690469789e-10 21.28602090193743 0.1974755746143978 21.3807 
-492.5 5.367141440388835e-10 21.86723697227974 0.19738049630275467 21.9482 
-487.5 5.51116522227144e-10 22.453445917175266 0.19728541799111152 22.537 
-482.5 5.655897311241408e-10 23.042628135630302 0.1971903396794684 23.1494 
-477.5 5.803539629766413e-10 23.644279967646515 0.19709526136782526 23.7895 
-472.5 5.957116497230727e-10 24.270766131751802 0.19700018305618214 24.4621 
-467.5 6.119667536921118e-10 24.934370197178946 0.19690510474453898 25.1716 
-462.5 6.2942540378595e-10 25.64746376402132 0.19681002643289586 25.9229 
-457.5 6.483294999190485e-10 26.419661844142905 0.19671494812125273 26.7195 
-452.5 6.686735926011097e-10 27.25023545181165 0.1966198698096096 27.5614 
-447.5 6.903738756711511e-10 28.13569039388898 0.19652479149796648 28.4474 
-442.5 7.133451446123609e-10 29.07261520367582 0.19642971318632332 29.3766 
-437.5 7.374977297264793e-10 30.0574106959895 0.1963346348746802 30.3479 
-432.5 7.627853707971504e-10 31.08835003016224 0.19623955656303707 31.3626 
-427.5 7.893344132491114e-10 32.170929060864616 0.19614447825139394 32.4315 
-422.5 8.173131535652641e-10 33.312039044586655 0.19604939993975082 33.5677 
-417.5 8.468986325341944e-10 34.51887907619477 0.19595432162810766 34.7845 
-412.5 8.782659884398141e-10 35.798565711504686 0.19585924331646454 36.095 
-407.5 9.116224080426907e-10 37.15959934466684 0.1957641650048214 37.5108 
-402.5 9.472918569819686e-10 38.61536586192352 0.19566908669317828 39.0364 
-397.5 9.856370831288743e-10 40.18063958660461 0.19557400838153516 40.6747 
-392.5 1.0270272800523847e-09 41.87040489462931 0.195478930069892 42.4288 
-387.5 1.0718250095665136e-09 43.69937066823078 0.19538385175824888 44.3015 
-382.5 1.120429215108959e-09 45.68382885626696 0.19528877344660575 46.3018 
-377.5 1.173388063575911e-09 47.84632290441071 0.19519369513496262 48.4621 
-372.5 1.2312880539695887e-09 50.21069445226312 0.1950986168233195 50.821 
-367.5 1.2947219989555423e-09 52.800999289615895 0.19500353851167634 53.4171 
-362.5 1.3642806766602274e-09 55.641217835149206 0.19490846020003322 56.2888 
-357.5 1.440600705334358e-09 58.757312205327395 0.1948133818883901 59.4728 
-352.5 1.524500635335897e-09 62.18286901499982 0.19471830357674696 62.9985 
-347.5 1.6168575864741895e-09 65.95356534057532 0.19462322526510384 66.8932 
-342.5 1.7185514512814046e-09 70.10511625313788 0.19452814695346068 71.1845 
-337.5 1.830459823681776e-09 74.6732009650796 0.19443306864181756 75.8998 
-332.5 1.9536463528077664e-09 79.70150115725025 0.19433799033017443 81.077 
-327.5 2.08991404129492e-09 85.2646553888473 0.1942429120185313 86.7965 
-322.5 2.2412939339326132e-09 91.44533488146351 0.19414783370688815 93.1491 
-317.5 2.409823173082386e-09 98.32610477052457 0.19405275539524502 100.226 
-312.5 2.5975340398210697e-09 105.989431033422 0.1939576770836019 108.117 
-307.5 2.806732085500792e-09 114.52952681938416 0.19386259877195877 116.922 
-302.5 3.0407338708050636e-09 124.08288831449467 0.19376752046031565 126.771 
-297.5 3.3031245992512356e-09 134.79517122509225 0.1936724421486725 137.805 
-292.5 3.597570579761327e-09 146.8150529222014 0.19357736383702936 150.161 
-287.5 3.927673124051949e-09 160.28840970107424 0.19348228552538624 163.979 
-282.5 4.297374373997191e-09 175.37588721232203 0.1933872072137431 179.412 
-277.5 4.711693636283767e-09 192.28306178173025 0.19329212890209999 196.67 
-272.5 5.1760327585424075e-09 211.22934150441762 0.19319705059045683 215.978 
-267.5 5.695835059301992e-09 232.43520486505733 0.1931019722788137 237.559 
-262.5 6.2764532331182545e-09 256.1173036850986 0.19300689396717058 261.638 
-257.5 6.9234415678841704e-09 282.5011032070262 0.19291181565552745 288.443 
-252.5 7.64268803970128e-09 311.82576313481803 0.19281673734388433 318.212 
-247.5 8.440260012045311e-09 344.337314313081 0.19272165903224117 351.189 
-242.5 9.32218811864273e-09 380.2798773584629 0.19262658072059805 387.616 
-237.5 1.0294546324690272e-08 419.899520685971 0.19253150240895492 427.737 
-232.5 1.1363434222152421e-08 463.44330810239444 0.1924364240973118 471.792 
-227.5 1.2535228556289926e-08 511.1699724710396 0.19234134578566864 520.02 
-222.5 1.3816390874731978e-08 563.3411495918107 0.1922462674740255 572.656 
-217.5 1.5213340713981685e-08 620.2164454390152 0.19215118916238239 629.938 
-212.5 1.6732586914171113e-08 682.0590710929308 0.19205611085073926 692.101 
-207.5 1.8379609223238876e-08 749.0878671323189 0.19196103253909613 759.352 
-202.5 2.015615020094024e-08 821.365429115734 0.19186595422745298 831.774 
-197.5 2.2062821708784703e-08 898.9146782794 0.19177087591580985 909.421 
-192.5 2.4100159808434356e-08 981.7571392850354 0.19167579760416673 992.346 
-187.5 2.6268630282969074e-08 1069.9110381646283 0.1915807192925236 1080.6 
-182.5 2.8567959399897273e-08 1163.3627783317436 0.19148564098088047 1174.19 
-177.5 3.099392354222527e-08 1261.9327573969792 0.19139056266923732 1272.89 
-172.5 3.3540994288716197e-08 1365.3948526264794 0.1912954843575942 1376.42 
-167.5 3.62040408835425e-08 1473.5418660721168 0.19120040604595107 1484.51 
-162.5 3.8977499256173874e-08 1586.146650338131 0.19110532773430794 1596.88 
-157.5 4.1854399764435665e-08 1702.9226662651356 0.1910102494226648 1713.21 
-152.5 4.4822176886459676e-08 1823.3489266148977 0.19091517111102166 1833.0 
-147.5 4.78658794706289e-08 1946.81575902004 0.19082009279937853 1955.71 
-142.5 5.097089725593496e-08 2072.7322429996543 0.1907250144877354 2080.8 
-137.5 5.412241652746012e-08 2200.4972477537676 0.19062993617609228 2207.72 
-132.5 5.73044610628777e-08 2329.46007696716 0.19053485786444915 2335.86 
-127.5 6.04957018244029e-08 2458.7455106300617 0.190439779552806 2464.32 
-122.5 6.367358665191103e-08 2587.4383624343886 0.19034470124116287 2592.11 
-117.5 6.6815280710716e-08 2714.613240463772 0.19024962292951975 2718.28 
-112.5 6.989793596268968e-08 2839.344341570448 0.19015454461787662 2841.84 
-107.5 7.289778492653034e-08 2960.6663251113196 0.19005946630623347 2961.8 
-102.5 7.5787329534474e-08 3077.4576282387748 0.18996438799459034 3077.12 
-97.5 7.853748129892404e-08 3188.5377228059065 0.1898693096829472 3186.72 
-92.5 8.111976209401193e-08 3292.7549964401933 0.1897742313713041 3289.54 
-87.5 8.35050438218151e-08 3388.92898654401 0.18967915305966096 3384.5 
-82.5 8.566576779963856e-08 3475.9478958019595 0.1895840747480178 3470.55 
-77.5 8.757814554157574e-08 3552.8563786921027 0.18948899643637468 3546.7 
-72.5 8.922043870313947e-08 3618.7777633488217 0.18939391812473155 3611.97 
-67.5 9.057032498499844e-08 3672.8069316713713 0.18929883981308843 3665.38 
-62.5 9.160567233828871e-08 3714.0493615496835 0.1892037615014453 3705.96 
-57.5 9.230735010790249e-08 3741.7387826818003 0.18910868318980215 3732.88 
-52.5 9.266651315838735e-08 3755.538776040758 0.18901360487815902 3745.86 
-47.5 9.267834521764039e-08 3755.2609969437967 0.1889185265665159 3744.78 
-42.5 9.233776834360211e-08 3740.6990092008964 0.18882344825487277 3729.52 
-37.5 9.16399080481224e-08 3711.6573750252883 0.18872836994322964 3699.96 
-32.5 9.058335095839402e-08 3668.0889845078764 0.18863329163158649 3656.1 
-27.5 8.918090326163682e-08 3610.542363337704 0.18853821331994336 3598.49 
-22.5 8.74498543277278e-08 3539.724460512613 0.18844313500830023 3527.8 
-17.5 8.54072450600294e-08 3456.324236931037 0.1883480566966571 3444.7 
-12.5 8.307077953740015e-08 3361.0607805640175 0.18825297838501398 3349.86 
-7.5 8.046004033537185e-08 3254.732551850625 0.18815790007337083 3244.05 
-2.5 7.760253092398765e-08 3138.4701579197763 0.1880628217617277 3128.42 
2.5 7.452919188063328e-08 3013.5322252213273 0.18796774345008457 3004.21 
7.5 7.12704458450605e-08 2881.1490332034705 0.18787266513844145 2872.65 
12.5 6.785667584669504e-08 2742.551151727213 0.1877775868267983 2735.0 
17.5 6.431895449734274e-08 2598.9986109979723 0.18768250851515517 2592.47 
22.5 6.068931346230913e-08 2451.790592720059 0.18758743020351204 2446.33 
27.5 5.7000067081461136e-08 2302.2361387894553 0.1874923518918689 2297.79 
32.5 5.3283083176520917e-08 2151.624877298226 0.1873972735802258 2148.11 
37.5 4.9571122605500186e-08 2001.2849588990225 0.18730219526858263 1998.53 
42.5 4.589516015383157e-08 1852.4660609541374 0.1872071169569395 1850.24 
47.5 4.228146776354376e-08 1706.2225216466104 0.18711203864529638 1704.36 
52.5 3.875536372544497e-08 1563.5784499548606 0.18701696033365325 1561.96 
57.5 3.534143713763723e-08 1425.5282241619163 0.18692188202201013 1424.13 
62.5 3.206492707027667e-08 1293.094475097388 0.18682680371036697 1291.92 
67.5 2.894835387432479e-08 1167.1814741425128 0.18673172539872385 1166.31 
72.5 2.6003735723736274e-08 1048.2541748983567 0.18663664708708072 1047.76 
77.5 2.3240703723386728e-08 936.6995532347946 0.1865415687754376 936.591 
82.5 2.066837224187596e-08 832.8860415220911 0.18644649046379447 833.16 
87.5 1.8295877853766804e-08 737.1829380281117 0.1863514121521513 737.801 
92.5 1.6129739361265854e-08 649.84680097878 0.1862563338405082 650.744 
97.5 1.4165475617892649e-08 570.673347590216 0.18616125552886506 571.777 
102.5 1.2395384847738335e-08 499.34623169562735 0.18606617721722193 500.574 
107.5 1.0811547117761297e-08 435.54518777390234 0.1859710989055788 436.811 
112.5 9.406038533887309e-09 378.94935963613926 0.18587602059393565 380.164 
117.5 8.170015758868578e-09 329.1982197285931 0.18578094228229253 330.272 
122.5 7.090743966439615e-09 285.7681320270446 0.1856858639706494 286.628 
127.5 6.154279431441716e-09 248.09286621824074 0.18559078565900627 248.687 
132.5 5.346621653915513e-09 215.60588276692684 0.18549570734736312 215.904 
137.5 4.653816106060319e-09 187.7425835737344 0.18540062903572 187.735 
142.5 4.0623476362712935e-09 163.9570912322795 0.18530555072407687 163.656 
147.5 3.5606799962272546e-09 143.7864612267516 0.18521047241243374 143.219 
152.5 3.1378259023715794e-09 126.78660502828313 0.18511539410079061 125.997 
157.5 2.7828691298461522e-09 112.51559118067875 0.18502031578914746 111.563 
162.5 2.4848731084019192e-09 100.53079681159714 0.18492523747750433 99.4898 
167.5 2.233780314284317e-09 90.42741164614567 0.1848301591658612 89.3801 
172.5 2.0230477950781088e-09 81.947754366633 0.18473508085421808 80.9609 
177.5 1.8472257327255018e-09 74.87265974448485 0.18464000254257495 73.9893 
182.5 1.700908774734335e-09 68.98300190948225 0.1845449242309318 68.2228 
187.5 1.5786911725091849e-09 64.05987627642267 0.18444984591928867 63.4185 
192.5 1.4756108087858779e-09 59.90348649731038 0.18435476760764555 59.3578 
197.5 1.3885446506031851e-09 56.391089687497114 0.18425968929600242 55.9178 
202.5 1.3149174714886155e-09 53.41909021515772 0.1841646109843593 52.9995 
207.5 1.2521749303968948e-09 50.883887641563376 0.18406953267271614 50.5041 
212.5 1.1977739152535803e-09 48.6825099079516 0.18397445436107301 48.3327 
217.5 1.149463897363936e-09 46.72456276261871 0.1838793760494299 46.3987 
222.5 1.1062362744333618e-09 44.971699802923844 0.18378429773778676 44.6654 
227.5 1.0674447417208002e-09 43.39817491564749 0.18368921942614364 43.1082 
232.5 1.0324666586803519e-09 41.97864699887155 0.18359414111450048 41.7029 
237.5 1.0006820794773123e-09 40.687927285328634 0.18349906280285735 40.425 
242.5 9.71510266646274e-10 39.502534441774344 0.18340398449121423 39.2519 
247.5 9.445635117654863e-10 38.40710479034066 0.1833089061795711 38.168 
252.5 9.195156346446169e-10 37.38846271537262 0.18321382786792795 37.1595 
257.5 8.960387626347081e-10 36.43326504862666 0.18311874955628482 36.2127 
262.5 8.738024604100287e-10 35.52809171363833 0.1830236712446417 35.3137 
267.5 8.525129383373695e-10 34.66110585677789 0.18292859293299857 34.4506 
272.5 8.319957483388738e-10 33.82545719043028 0.18283351462135544 33.6195 
277.5 8.121153566031862e-10 33.01568583509514 0.1827384363097123 32.8181 
282.5 7.927380778008339e-10 32.22634874123766 0.18264335799806916 32.0442 
287.5 7.737302266023434e-10 31.452018069367043 0.18254827968642603 31.2958 
292.5 7.549902981893168e-10 30.68865267377219 0.1824532013747829 30.5699 
297.5 7.365565527012728e-10 29.938069766961195 0.18235812306313978 29.8609 
302.5 7.185050542460793e-10 29.203377750329285 0.18226304475149663 29.1622 
307.5 7.009135833790662e-10 28.48769507295869 0.1821679664398535 28.4674 
312.5 6.838645178714312e-10 27.794331632975997 0.18207288812821038 27.7702 
317.5 6.674060204442032e-10 27.12512252844224 0.18197780981656725 27.0665 
322.5 6.514532526498763e-10 26.476342706026454 0.18188273150492412 26.3629 
327.5 6.358885653917229e-10 25.84317548717846 0.18178765319328097 25.6681 
332.5 6.205836627626588e-10 25.22041047217427 0.18169257488163784 24.9912 
337.5 6.054212137575885e-10 24.603327604610282 0.18159749656999472 24.3409 
342.5 5.903029364069886e-10 23.98800324232632 0.1815024182583516 23.7234 
347.5 5.752511326292607e-10 23.37558698585721 0.18140733994670843 23.1329 
352.5 5.603156576040585e-10 22.76812619981551 0.1813122616350653 22.5609 
357.5 5.455567492525532e-10 22.168065156242687 0.18121718332342218 21.9989 
362.5 5.310259792018602e-10 21.577463519480016 0.18112210501177906 21.4381 
367.5 5.167835853731507e-10 20.998769725350584 0.18102702670013593 20.8726 
372.5 5.028788407856063e-10 20.43394758315297 0.18093194838849277 20.3063 
377.5 4.893672541101099e-10 19.885251075599026 0.18083687007684965 19.7457 
382.5 4.76300132904937e-10 19.35473912572272 0.18074179176520652 19.197 
387.5 4.637308192674567e-10 18.844562717257695 0.1806467134535634 18.6669 
392.5 4.5169439846598686e-10 18.35608232944995 0.18055163514192027 18.1601 
397.5 4.401352537840616e-10 17.886854391353324 0.18045655683027712 17.6745 
402.5 4.289834247310936e-10 17.43403074635209 0.180361478518634 17.2065 
407.5 4.181615268550138e-10 16.99446745748198 0.18026640020699086 16.7524 
412.5 4.075917796004921e-10 16.565021692626715 0.18017132189534774 16.3087 
417.5 3.972124926677362e-10 16.14323834526543 0.1800762435837046 15.8724 
422.5 3.87011170764507e-10 15.728712390535701 0.17998116527206146 15.4444 
427.5 3.769895843610578e-10 15.321534408240474 0.17988608696041833 15.0264 
432.5 3.671524627076767e-10 14.92189617087008 0.1797910086487752 14.62 
437.5 3.575023684811378e-10 14.52989470863955 0.17969593033713208 14.227 
442.5 3.4804862814759685e-10 14.145920544830446 0.17960085202548895 13.8484 
447.5 3.388055614923381e-10 13.770561525431242 0.1795057737138458 13.4829 
452.5 3.297969468012214e-10 13.404796025664917 0.17941069540220267 13.1288 
457.5 3.210447918898534e-10 13.049506260299692 0.17931561709055954 12.7841 
462.5 3.1256637532355285e-10 12.705380098638498 0.17922053877891642 12.447 
467.5 3.043856074225999e-10 12.373395325508012 0.1791254604672733 12.116 
472.5 2.9651300296293156e-10 12.05394581901005 0.17903038215563014 11.7913 
477.5 2.8895828451396404e-10 11.74742303606166 0.178935303843987 11.4737 
482.5 2.8173117464511365e-10 11.45421717816277 0.17884022553234388 11.1636 
487.5 2.748459931416644e-10 11.174908438337463 0.17874514722070076 10.8617 
492.5 2.6829433777840144e-10 10.909095419891669 0.1786500689090576 10.5689 
497.5 2.6200442357169275e-10 10.653741530872049 0.17855499059741448 10.2863 
502.5 2.5589170617682694e-10 10.405410317102582 0.17845991228577135 10.0155 
507.5 2.4986421728761024e-10 10.160372034818806 0.17836483397412822 9.75793 
512.5 2.4383418971045636e-10 9.91509625613374 0.1782697556624851 9.51507 
517.5 2.377361869567849e-10 9.667003939998155 0.17817467735084194 9.28746 
522.5 2.316294753145001e-10 9.418754633554506 0.17807959903919882 9.07208 
527.5 2.2560431684238053e-10 9.174040483842184 0.1779845207275557 8.86496 
532.5 2.1975349606114102e-10 8.93660848217158 0.17788944241591256 8.66217 
537.5 2.1416963364791319e-10 8.710192096874431 0.17779436410426944 8.45977 
542.5 2.0891936280673325e-10 8.497411422262049 0.17769928579262628 8.25503 
547.5 2.0396484711725042e-10 8.296514755462818 0.17760420748098316 8.05017 
552.5 1.9923590102585168e-10 8.10461399832519 0.17750912916934003 7.84863 
557.5 1.9466128030467907e-10 7.918834438922046 0.1774140508576969 7.65386 
562.5 1.9016907755037858e-10 7.736275479928339 0.17731897254605378 7.4693 
567.5 1.857096422462292e-10 7.5549920110037 0.17722389423441062 7.29751 
572.5 1.8132218157166738e-10 7.37675672587782 0.1771288159227675 7.13748 
577.5 1.7707162068894226e-10 7.2042328786060885 0.17703373761112437 6.98732 
582.5 1.7302522237405114e-10 7.040137134924018 0.17693865929948124 6.84512 
587.5 1.6924962583782123e-10 6.887154109681844 0.1768435809878381 6.709 
592.5 1.6579235223490212e-10 6.747150327769362 0.17674850267619496 6.57741 
597.5 1.6262351305085024e-10 6.618752290469661 0.17665342436455184 6.45025 
602.5 1.5968929806103506e-10 6.499746138060677 0.1765583460529087 6.32779 
607.5 1.5693500460904832e-10 6.387922515389188 0.17646326774126558 6.21027 
612.5 1.5430594324192378e-10 6.281072159370725 0.17636818942962243 6.09796 
617.5 1.5175432033049681e-10 6.177281106282783 0.1762731111179793 5.99093 
622.5 1.4926055150486387e-10 6.075816100098047 0.17617803280633618 5.88849 
627.5 1.4681331597461314e-10 5.976231098387461 0.17608295449469305 5.78977 
632.5 1.4440213557073832e-10 5.878101893224374 0.17598787618304992 5.6939 
637.5 1.4201609880953003e-10 5.780986643496099 0.17589279787140677 5.59999 
642.5 1.3964863515546952e-10 5.684631299195259 0.17579771955976364 5.50755 
647.5 1.373118138019076e-10 5.589562609566173 0.17570264124812052 5.4176 
652.5 1.3502197826866367e-10 5.496446929745909 0.1756075629364774 5.3315 
657.5 1.3279680622771228e-10 5.406000336672591 0.17551248462483426 5.25065 
662.5 1.306531219250644e-10 5.318900092363076 0.1754174063131911 5.17642 
667.5 1.2860631762820275e-10 5.235764039976478 0.17532232800154798 5.1096 
672.5 1.266641209777759e-10 5.156888023817048 0.17522724968990486 5.04854 
677.5 1.2483221487529233e-10 5.082498272947235 0.17513217137826173 4.99099 
682.5 1.2311595993737295e-10 5.012810356215167 0.1750370930666186 4.93469 
687.5 1.215207035771967e-10 4.948038454026648 0.17494201475497545 4.87739 
692.5 1.20047425852868e-10 4.888209014244001 0.17484693644333232 4.81741 
697.5 1.1867800737203502e-10 4.83254816461671 0.1747518581316892 4.7553 
702.5 1.1738887870502623e-10 4.780093772122989 0.17465677982004607 4.69218 
707.5 1.1615621955677188e-10 4.7298823111462935 0.17456170150840294 4.62918 
712.5 1.1495597977140883e-10 4.680940177230483 0.1744666231967598 4.56742 
717.5 1.137643258504253e-10 4.632303407077592 0.17437154488511666 4.50778 
722.5 1.1255720763795814e-10 4.58299852344885 0.17427646657347354 4.45024 
727.5 1.1131079163549562e-10 4.532062205277979 0.1741813882618304 4.39451 
732.5 1.1000102768717456e-10 4.478522485952846 0.17408630995018726 4.34033 
737.5 1.086036225728964e-10 4.421400990224291 0.17399123163854413 4.28744 
742.5 1.071078316559307e-10 4.360300825362707 0.173896153326901 4.23558 
747.5 1.0555402881637865e-10 4.296962668670265 0.17380107501525788 4.1846 
752.5 1.039990412749526e-10 4.2337098708900385 0.17370599670361475 4.13435 
757.5 1.0250024539465021e-10 4.172858799304441 0.1736109183919716 4.08469 
762.5 1.011150043350273e-10 4.116723032470469 0.17351584008032847 4.03548 
767.5 9.988482086089552e-11 4.06693634530588 0.17342076176868534 3.9867 
772.5 9.878983331090557e-11 4.0225656554644225 0.17332568345704222 3.9388 
777.5 9.779038740212773e-11 3.981976560782775 0.1732306051453991 3.89235 
782.5 9.68465809896294e-11 3.9435597951624644 0.17313552683375594 3.84792 
787.5 9.591809181721725e-11 3.9056876235051243 0.1730404485221128 3.80608 
792.5 9.497422537513645e-11 3.8671455629177593 0.17294537021046968 3.76712 
797.5 9.402069998196579e-11 3.8282414794183226 0.17285029189882656 3.73028 
802.5 9.307517770735408e-11 3.7897076648975614 0.17275521358718343 3.69453 
807.5 9.215611822975018e-11 3.7522881020176553 0.17266013527554028 3.65884 
812.5 9.128107498787131e-11 3.716686341375204 0.17256505696389715 3.62217 
817.5 9.045858403572442e-11 3.6832212025494027 0.17246997865225402 3.58375 
822.5 8.965827974058147e-11 3.650582022639471 0.1723749003406109 3.54386 
827.5 8.883747761998884e-11 3.6170238449656 0.17227982202896774 3.50306 
832.5 8.795337196163114e-11 3.5808195542415016 0.17218474371732462 3.46187 
837.5 8.696295359928355e-11 3.540235547154262 0.1720896654056815 3.42086 
842.5 8.583906055802332e-11 3.494218384263774 0.17199458709403836 3.38046 
847.5 8.46177341754358e-11 3.444359403241535 0.17189950878239524 3.34074 
852.5 8.335376473425602e-11 3.392902995094917 0.1718044304707521 3.30169 
857.5 8.21037333875654e-11 3.3421362876374303 0.17170935215910896 3.26328 
862.5 8.092358451983327e-11 3.294316179264019 0.17161427384746583 3.22548 
867.5 7.985956875188052e-11 3.2512854932973263 0.1715191955358227 3.1883 
872.5 7.89171565211198e-11 3.2131793219102542 0.17142411722417958 3.15191 
877.5 7.809031323087576e-11 3.1797362774866262 0.17132903891253642 3.1165 
882.5 7.737178656441223e-11 3.150662572938843 0.1712339606008933 3.08226 
887.5 7.675451445546045e-11 3.125672273158103 0.17113888228925017 3.0494 
892.5 7.622800012929276e-11 3.104331119437308 0.17104380397760705 3.01797 
897.5 7.576821683353463e-11 3.085638534796639 0.17094872566596392 2.98756 
902.5 7.534669424348039e-11 3.068435906913027 0.17085364735432076 2.95761 
907.5 7.493521050093893e-11 3.0515832831754466 0.17075856904267764 2.92757 
912.5 7.450534029380984e-11 3.033931707460959 0.1706634907310345 2.89688 
917.5 7.403209301845153e-11 3.014480499522399 0.17056841241939139 2.86524 
922.5 7.35074559607702e-11 2.992941363955371 0.17047333410774823 2.83331 
927.5 7.292782816984e-11 2.9691751471208554 0.1703782557961051 2.802 
932.5 7.228957688557183e-11 2.943034750991636 0.17028317748446198 2.77221 
937.5 7.158951586602139e-11 2.9143946454719054 0.17018809917281885 2.74485 
942.5 7.083115123913679e-11 2.8834157685195563 0.17009302086117573 2.7206 
947.5 7.00466449102717e-11 2.8514593752878157 0.1699979425495326 2.69917 
952.5 6.927621891036246e-11 2.8201639048817646 0.16990286423788944 2.68005 
957.5 6.856115454910202e-11 2.791198094906403 0.16980778592624632 2.66273 
962.5 6.794231302492254e-11 2.766208993090893 0.1697127076146032 2.64669 
967.5 6.744926595049598e-11 2.7463602753478455 0.16961762930296007 2.63151 
972.5 6.706450608957045e-11 2.730844266699609 0.1695225509913169 2.61709 
977.5 6.67565959317311e-11 2.71836837739563 0.16942747267967379 2.60342 
982.5 6.649368085869777e-11 2.7076465469506674 0.16933239436803066 2.59048 
987.5 6.624368959483894e-11 2.697382868264258 0.16923731605638753 2.57826 
992.5 6.597798557298192e-11 2.6864290731933678 0.1691422377447444 2.56668 
997.5 6.568284136836134e-11 2.674261309566105 0.16904715943310125 2.55539 
1002.5 6.534836276681477e-11 2.6604849660719445 0.16895208112145813 2.54398 
1007.5 6.496574664209958e-11 2.6447456613072338 0.168857002809815 2.53204 
1012.5 6.452555309936097e-11 2.626661335448483 0.16876192449817187 2.51914 
1017.5 6.402244012769919e-11 2.606027687361328 0.16866684618652875 2.50502 
1022.5 6.34685429376751e-11 2.5833724605009833 0.1685717678748856 2.49005 
1027.5 6.288089463148825e-11 2.5593919346849625 0.16847668956324247 2.47472 
1032.5 6.227675276985246e-11 2.534783650535992 0.16838161125159934 2.45954 
1037.5 6.167337491348153e-11 2.5102454492369994 0.1682865329399562 2.44502 
1042.5 6.108755890150247e-11 2.4864557324114047 0.1681914546283131 2.43154 
1047.5 6.053584630536489e-11 2.4640828939153994 0.16809637631666993 2.41901 
1052.5 6.00336161891094e-11 2.443746365148132 0.1680012980050268 2.40718 
1057.5 5.959687118194675e-11 2.426093912588978 0.16790621969338368 2.39585 
1062.5 5.924119380182691e-11 2.411751881420095 0.16781114138174055 2.38478 
1067.5 5.897478461442732e-11 2.4010303917385807 0.1677160630700974 2.37383 
1072.5 5.877186199944573e-11 2.3928149902220675 0.16762098475845427 2.36318 
1077.5 5.859759094945081e-11 2.3856839588833987 0.16752590644681115 2.35308 
1082.5 5.841626742872188e-11 2.378194586291447 0.16743082813516802 2.34379 
1087.5 5.8192390855447744e-11 2.368915676801235 0.1673357498235249 2.33556 
1092.5 5.7900357865375026e-11 2.3568401489869157 0.16724067151188177 2.32851 
1097.5 5.755650778506746e-11 2.342717425236481 0.1671455932002386 2.32221 
1102.5 5.718967043556052e-11 2.327732136626073 0.16705051488859549 2.31607 
1107.5 5.6829256589338285e-11 2.3130714045775886 0.16695543657695236 2.3095 
1112.5 5.6504677018884854e-11 2.2999214137072217 0.16686035826530923 2.30193 
1117.5 5.623798695129576e-11 2.289153074509097 0.16676527995366608 2.293 
1122.5 5.602116706117457e-11 2.2803785365102227 0.16667020164202295 2.28324 
1127.5 5.5837369094509894e-11 2.272903253480374 0.16657512333037983 2.27338 
1132.5 5.566887576900118e-11 2.2660115385979913 0.1664800450187367 2.26417 
1137.5 5.549886283863736e-11 2.2590271735599092 0.16638496670709357 2.25637 
1142.5 5.531469636545651e-11 2.251452026758449 0.16628988839545042 2.25044 
1147.5 5.512604670961853e-11 2.2437244388724027 0.1661948100838073 2.24575 
1152.5 5.4948448977584534e-11 2.2364810195581515 0.16609973177216417 2.2414 
1157.5 5.479816206624267e-11 2.2303789187589653 0.16600465346052104 2.23649 
1162.5 5.469124141857171e-11 2.2260648201836286 0.16590957514887789 2.23011 
1167.5 5.463890219744722e-11 2.2239784087999492 0.16581449683723476 2.22163 
1172.5 5.463277398681754e-11 2.2237396351546774 0.16571941852559163 2.21156 
1177.5 5.4658780065634e-11 2.2247704767396104 0.1656243402139485 2.20067 
1182.5 5.470234978321428e-11 2.2264819296780796 0.16552926190230538 2.18974 
1187.5 5.474889928543403e-11 2.22828510872694 0.16543418359066225 2.17956 
1192.5 5.478614332610285e-11 2.2296895973637083 0.1653391052790191 2.17071 
1197.5 5.481135298597952e-11 2.2306049669436683 0.16524402696737597 2.1631 
1202.5 5.482394971249912e-11 2.2310105727156397 0.16514894865573285 2.15645 
1207.5 5.48243668203644e-11 2.2309251833998243 0.16505387034408972 2.15049 
1212.5 5.4812170994872626e-11 2.2303288431448993 0.16495879203244657 2.14494 
1217.5 5.4787105968346366e-11 2.229210832860714 0.16486371372080344 2.13959 
1222.5 5.4744791182269154e-11 2.227385159126994 0.1647686354091603 2.1344 
1227.5 5.46806084161683e-11 2.224665321609402 0.1646735570975172 2.12943 
1232.5 5.4589939449571066e-11 2.2208649149805053 0.16457847878587406 2.12471 
1237.5 5.44679362012114e-11 2.2157884880197956 0.1644834004742309 2.12028 
1242.5 5.4312495715901843e-11 2.209359074586625 0.16438832216258778 2.11615 
1247.5 5.413431582339573e-11 2.202036233904604 0.16429324385094465 2.11221 
1252.5 5.3946659429104255e-11 2.1943594853146147 0.16419816553930153 2.10832 
1257.5 5.3764044369941684e-11 2.1869173181144355 0.1641030872276584 2.10434 
1262.5 5.360013505685878e-11 2.1802584707900796 0.16400800891601525 2.10013 
1267.5 5.3464175731963835e-11 2.1747438833295454 0.16391293060437212 2.09565 
1272.5 5.3344472300561585e-11 2.169856433140757 0.163817852292729 2.09127 
1277.5 5.322400486389448e-11 2.164900375419347 0.16372277398108587 2.08744 
1282.5 5.3084826278868544e-11 2.159149819399973 0.16362769566944274 2.08463 
1287.5 5.290894979206374e-11 2.1518798349432804 0.1635326173577996 2.08329 
1292.5 5.2684365030688264e-11 2.142621658800919 0.16343753904615646 2.08376 
1297.5 5.242262085157521e-11 2.13189211794126 0.16334246073451333 2.08585 
1302.5 5.2141656596655696e-11 2.1204261382182796 0.1632473824228702 2.08926 
1307.5 5.18606215267587e-11 2.108998822803371 0.16315230411122705 2.09367 
1312.5 5.1597798273307716e-11 2.098345951119608 0.16305722579958393 2.09877 
1317.5 5.13677388812639e-11 2.089045368184253 0.1629621474879408 2.10417 
1322.5 5.1168693884978744e-11 2.080991774026357 0.16286706917629767 2.10915 
1327.5 5.0993162501201573e-11 2.0738727928265224 0.16277199086465455 2.11291 
1332.5 5.083428611757297e-11 2.0674137040984233 0.1626769125530114 2.11465 
1337.5 5.068410963153462e-11 2.0612913232951744 0.16258183424136827 2.11356 
1342.5 5.053714039204544e-11 2.0552900812234602 0.16248675592972514 2.10919 
1347.5 5.03935476449679e-11 2.049428801551309 0.16239167761808201 2.10249 
1352.5 5.025588626591336e-11 2.0438148406864585 0.1622965993064389 2.09476 
1357.5 5.01261403790911e-11 2.0385269404985635 0.16220152099479573 2.08728 
1362.5 5.0006944080764536e-11 2.033673149407365 0.1621064426831526 2.08137 
1367.5 4.990074121672973e-11 2.0293522289969674 0.16201136437150948 2.07792 
1372.5 4.981272075886146e-11 2.0257798128098083 0.16191628605986635 2.07636 
1377.5 4.974800025954523e-11 2.023162200063649 0.16182120774822323 2.0757 
1382.5 4.971237365010477e-11 2.0217346880574927 0.16172612943658007 2.07496 
1387.5 4.971075502901622e-11 2.0216932305088418 0.16163105112493695 2.07318 
1392.5 4.9746626516227355e-11 2.023173941355434 0.16153597281329382 2.06962 
1397.5 4.981396671850479e-11 2.0259128621557325 0.1614408945016507 2.06449 
1402.5 4.990368443276526e-11 2.0295373433142325 0.16134581619000754 2.05827 
1407.5 5.000677307885674e-11 2.0336837549414537 0.16125073787836441 2.0514 
1412.5 5.011446914086261e-11 2.037997978198588 0.1611556595667213 2.04436 
1417.5 5.02173327239281e-11 2.0420967825111425 0.16106058125507816 2.03749 
1422.5 5.030726348763274e-11 2.0456552293894252 0.16096550294343503 2.03075 
1427.5 5.0375550729827963e-11 2.0483194644914327 0.1608704246317919 2.02398 
1432.5 5.041390385962595e-11 2.049755221875153 0.16077534632014875 2.01702 
1437.5 5.0413828832229506e-11 2.049619172514136 0.16068026800850563 2.00972 
1442.5 5.0369346868126764e-11 2.047676313525235 0.1605851896968625 2.002 
1447.5 5.0283129275023475e-11 2.0440529310753566 0.16049011138521938 1.99407 
1452.5 5.016109421750061e-11 2.0389936460152196 0.16039503307357622 1.98623 
1457.5 5.000908844064994e-11 2.0327341118667577 0.1602999547619331 1.97877 
1462.5 4.9833175346914555e-11 2.0255198375998207 0.16020487645028997 1.97197 
1467.5 4.963897182059284e-11 2.0175768383326544 0.16010979813864684 1.96603 
1472.5 4.943091903513215e-11 2.009082422639923 0.16001471982700372 1.96076 
1477.5 4.921385186835659e-11 2.000233126500736 0.15991964151536056 1.95586 
1482.5 4.899217188338748e-11 1.9912059365239558 0.15982456320371743 1.95104 
1487.5 4.8770024375668726e-11 1.9821678216822 0.1597294848920743 1.94599 
1492.5 4.855108171561544e-11 1.9732656280105096 0.15963440658043118 1.94055 
1497.5 4.8334622511684274e-11 1.9644608420099774 0.15953932826878803 1.93499 
1502.5 4.811875506376002e-11 1.955675240066056 0.1594442499571449 1.92971 
1507.5 4.790153485795945e-11 1.9468302255597627 0.15934917164550177 1.92511 
1512.5 4.768078751960592e-11 1.9378372420534091 0.15925409333385865 1.92158 
1517.5 4.745386574899399e-11 1.9285878915406875 0.15915901502221552 1.91925 
1522.5 4.7215797231600287e-11 1.9188762235716585 0.1590639367105724 1.91719 
1527.5 4.6961017896894513e-11 1.9084764794560933 0.15896885839892924 1.9142 
1532.5 4.668347754587554e-11 1.8971435469945679 0.15887378008728612 1.90907 
1537.5 4.637755929424502e-11 1.8846523872224434 0.158778701775643 1.90061 
1542.5 4.604020113331594e-11 1.870886711036176 0.15868362346399986 1.88811 
1547.5 4.5679979331933e-11 1.8562182161590226 0.1585885451523567 1.8728 
1552.5 4.5309348382149114e-11 1.841156808757188 0.15849346684071358 1.85641 
1557.5 4.4940487902618604e-11 1.8261937829433172 0.15839838852907046 1.84068 
1562.5 4.4586240687491914e-11 1.8118494196288233 0.15830331021742733 1.82732 
1567.5 4.4257420394105015e-11 1.798555777009234 0.1582082319057842 1.81763 
1572.5 4.395943505056775e-11 1.7865203102492815 0.15811315359414105 1.81108 
1577.5 4.369600984106328e-11 1.7758910146857014 0.15801807528249792 1.80673 
1582.5 4.347056086832931e-11 1.766805533987851 0.1579229969708548 1.80361 
1587.5 4.32867208924549e-11 1.759410435512657 0.15782791865921167 1.80078 
1592.5 4.3145607408243836e-11 1.7537437573609789 0.15773284034756854 1.79746 
1597.5 4.3038308658521885e-11 1.749423844954606 0.1576377620359254 1.79367 
1602.5 4.29532763909677e-11 1.7459796917160844 0.15754268372428226 1.78963 
1607.5 4.2878613661488425e-11 1.7429299000636522 0.15744760541263914 1.78554 
1612.5 4.280218046175578e-11 1.7397833566769407 0.157352527100996 1.78161 
1617.5 4.2712972883966455e-11 1.7360980748574961 0.15725744878935288 1.77795 
1622.5 4.260396067101484e-11 1.7315979894031528 0.15716237047770973 1.77425 
1627.5 4.246879774589638e-11 1.7260273240186994 0.1570672921660666 1.77013 
1632.5 4.23011644384905e-11 1.7191309317618242 0.15697221385442348 1.76518 
1637.5 4.209543066105686e-11 1.7106839410179908 0.15687713554278035 1.75901 
1642.5 4.184922398728859e-11 1.7006003126727205 0.1567820572311372 1.75147 
1647.5 4.1577826259364826e-11 1.6895355612477247 0.15668697891949407 1.74349 
1652.5 4.1301890136132203e-11 1.6783329554423738 0.15659190060785094 1.73625 
1657.5 4.104208928104219e-11 1.6678268319524083 0.15649682229620782 1.73093 
1662.5 4.081862443251751e-11 1.6588310000471254 0.1564017439845647 1.72871 
1667.5 4.0646612984642196e-11 1.6519418980336513 0.15630666567292156 1.73027 
1672.5 4.0517436054850035e-11 1.6467606136467023 0.1562115873612784 1.7343 
1677.5 4.0415151628861204e-11 1.642631175950399 0.15611650904963528 1.73898 
1682.5 4.032347440290353e-11 1.6388960598808633 0.15602143073799216 1.74249 
1687.5 4.0226348933998224e-11 1.6349075772982493 0.15592635242634903 1.74302 
1692.5 4.0110031590542434e-11 1.630116641822642 0.15583127411470588 1.73927 
1697.5 3.997102465026267e-11 1.6244035219738377 0.15573619580306275 1.73207 
1702.5 3.980893981106138e-11 1.6177573377889545 0.15564111749141962 1.72277 
1707.5 3.9623304147909777e-11 1.6101584103306819 0.1555460391797765 1.71271 
1712.5 3.941363153233704e-11 1.601587880031212 0.15545096086813337 1.70325 
1717.5 3.9182194165393064e-11 1.5921450886881112 0.15535588255649024 1.6954 
1722.5 3.894061712116757e-11 1.582319861767126 0.1552608042448471 1.68891 
1727.5 3.870381194095156e-11 1.5727202666026652 0.15516572593320396 1.68319 
1732.5 3.848661874654676e-11 1.5639449225001725 0.15507064762156084 1.67766 
1737.5 3.830363459551956e-11 1.5565814702419443 0.15497556930991768 1.67171 
1742.5 3.8164156543746254e-11 1.550990329109467 0.15488049099827456 1.66495 
1747.5 3.805258286304396e-11 1.5464879922325518 0.15478541268663143 1.65766 
1752.5 3.7947071980273033e-11 1.5421824694056407 0.1546903343749883 1.6503 
1757.5 3.782435574604461e-11 1.5371320866318088 0.15459525606334518 1.64332 
1762.5 3.766178957613992e-11 1.5304255827979825 0.15450017775170205 1.6372 
1767.5 3.744412404205477e-11 1.521467203600492 0.1544050994400589 1.63217 
1772.5 3.718595440698357e-11 1.5109103459367426 0.15431002112841577 1.62768 
1777.5 3.691115138088043e-11 1.499734533872316 0.15421494281677264 1.62293 
1782.5 3.6644251248079305e-11 1.4889306933508135 0.15411986450512952 1.61715 
1787.5 3.6409343774769385e-11 1.4794692794818345 0.15402478619348636 1.60956 
1792.5 3.6223826357247465e-11 1.4720349090525566 0.15392970788184324 1.59971 
1797.5 3.60780496399585e-11 1.466180205089531 0.1538346295702001 1.58851 
1802.5 3.595416670506545e-11 1.4611710372274163 0.15373955125855698 1.57721 
1807.5 3.583348801332612e-11 1.456252282588693 0.15364447294691386 1.56705 
1812.5 3.5697757340201053e-11 1.450689015338297 0.15354939463527073 1.55928 
1817.5 3.553403166628284e-11 1.4439731840398626 0.15345431632362758 1.55468 
1822.5 3.5352657730669575e-11 1.4365724121744277 0.15335923801198445 1.55221 
1827.5 3.5170589414908726e-11 1.429181937222966 0.15326415970034132 1.5504 
1832.5 3.500554400130089e-11 1.4225175273317863 0.15316908138869817 1.54775 
1837.5 3.4875035318237265e-11 1.4172839774647266 0.15307400307705504 1.54277 
1842.5 3.4789208445278554e-11 1.413870888196464 0.15297892476541192 1.53442 
1847.5 3.473020265663395e-11 1.4114967771583304 0.1528838464537688 1.52337 
1852.5 3.467144712887585e-11 1.409073896008072 0.15278876814212566 1.51078 
1857.5 3.4585502010287447e-11 1.4054937239765954 0.15269368983048254 1.49776 
1862.5 3.444536076385469e-11 1.3996689129876418 0.15259861151883938 1.48544 
1867.5 3.4233237691183217e-11 1.3909066487620392 0.15250353320719626 1.47474 
1872.5 3.397003212326227e-11 1.380133994749439 0.15240845489555313 1.46565 
1877.5 3.3688029594191055e-11 1.3686736878492896 0.15231337658391 1.45792 
1882.5 3.341981391495595e-11 1.3578409446371433 0.15221829827226685 1.45135 
1887.5 3.3198415414688087e-11 1.3489692399779463 0.15212321996062372 1.44568 
1892.5 3.3048845701633935e-11 1.343047275696947 0.1520281416489806 1.44072 
1897.5 3.296416333487477e-11 1.3397267873468075 0.15193306333733747 1.43646 
1902.5 3.292803259575408e-11 1.3383328933751386 0.15183798502569434 1.43289 
1907.5 3.292368205202886e-11 1.3381884798366253 0.15174290671405122 1.43001 
1912.5 3.293388054986934e-11 1.3385967554552565 0.15164782840240806 1.42785 
1917.5 3.2943898997289025e-11 1.3389685352877847 0.15155275009076494 1.42633 
1922.5 3.294490005999838e-11 1.3389588075377532 0.1514576717791218 1.42505 
1927.5 3.2930904958485506e-11 1.338330679455666 0.15136259346747866 1.42358 
1932.5 3.289562042951389e-11 1.336828574324492 0.15126751515583553 1.42143 
1937.5 3.283295666375637e-11 1.334207333714455 0.1511724368441924 1.41815 
1942.5 3.273890580246835e-11 1.330310909037154 0.15107735853254928 1.41343 
1947.5 3.2619692692792555e-11 1.3254126481536288 0.15098228022090615 1.40761 
1952.5 3.248488146284106e-11 1.3199043320424682 0.15088720190926302 1.40118 
1957.5 3.234350509964991e-11 1.314149160825617 0.15079212359761987 1.39461 
1962.5 3.220524656230929e-11 1.308538880466814 0.15069704528597674 1.3884 
1967.5 3.207615064754116e-11 1.303307982578346 0.15060196697433362 1.38296 
1972.5 3.1950098135738873e-11 1.298183421199181 0.1505068886626905 1.37837 
1977.5 3.181683531641021e-11 1.2927442247849847 0.15041181035104734 1.37462 
1982.5 3.166591042743272e-11 1.2865688894043992 0.1503167320394042 1.37173 
1987.5 3.1487101567477346e-11 1.2792466557604534 0.15022165372776108 1.36969 
1992.5 3.1275256976111667e-11 1.2705837487518183 0.15012657541611796 1.36845 
1997.5 3.104666256161963e-11 1.2612840126487932 0.15003149710447483 1.36774 
2002.5 3.082318630402488e-11 1.2522396697863412 0.1499364187928317 1.36723 
2007.5 3.062809635271629e-11 1.24439229794564 0.14984134048118855 1.36661 
2012.5 3.0484037291912625e-11 1.238652600823161 0.14974626216954542 1.36554 
2017.5 3.0404649524564335e-11 1.235546744292776 0.1496511838579023 1.36381 
2022.5 3.0367430096407594e-11 1.234088239324967 0.14955610554625917 1.36157 
2027.5 3.0338405227137365e-11 1.2328857159268192 0.14946102723461602 1.35908 
2032.5 3.0283749377706226e-11 1.2305750407111482 0.1493659489229729 1.35658 
2037.5 3.016875717621922e-11 1.2257551942959788 0.14927087061132976 1.35434 
2042.5 2.9970163476682924e-11 1.2175174420321206 0.14917579229968664 1.35254 
2047.5 2.97078875519821e-11 1.2067584585219353 0.1490807139880435 1.35104 
2052.5 2.941417532588993e-11 1.1948006602286394 0.14898563567640039 1.34964 
2057.5 2.9122759913359715e-11 1.1830078087230413 0.14889055736475723 1.34814 
2062.5 2.886719738231947e-11 1.172732778704133 0.1487954790531141 1.34633 
2067.5 2.86718361655195e-11 1.1649347051567234 0.14870040074147098 1.34411 
2072.5 2.8527166742987743e-11 1.1591575143307853 0.14860532242982782 1.34184 
2077.5 2.8412110942337685e-11 1.1545308158286085 0.1485102441181847 1.33996 
2082.5 2.830595548979178e-11 1.150220997403963 0.14841516580654157 1.33894 
2087.5 2.818758020375377e-11 1.1453760990657877 0.14832008749489844 1.33923 
2092.5 2.804296418033851e-11 1.1394495751988516 0.14822500918325532 1.34111 
2097.5 2.788745828233065e-11 1.1331243002157652 0.1481299308716122 1.34415 
2102.5 2.7745202690803724e-11 1.127389529792691 0.14803485255996904 1.34774 
2107.5 2.7640746893533712e-11 1.123235879085929 0.1479397742483259 1.35128 
2112.5 2.7598870239089978e-11 1.1216618234829943 0.14784469593668279 1.35416 
2117.5 2.7634021543781262e-11 1.1232227135916828 0.14774961762503966 1.35585 
2122.5 2.772212843811604e-11 1.1268636151691032 0.1476545393133965 1.35607 
2127.5 2.7827745552934835e-11 1.131133861923476 0.14755946100175338 1.35464 
2132.5 2.791375007743064e-11 1.1345321490152858 0.14746438269011025 1.35136 
2137.5 2.794364276596657e-11 1.135587944771866 0.14736930437846713 1.34603 
2142.5 2.789130771893441e-11 1.1332740320849592 0.147274226066824 1.3386 
2147.5 2.7770069665699783e-11 1.128212633112314 0.14717914775518087 1.32957 
2152.5 2.7605828453031277e-11 1.1214706329323958 0.14708406944353772 1.31961 
2157.5 2.74255378041749e-11 1.1141368847528694 0.1469889911318946 1.30935 
2162.5 2.7255258406087097e-11 1.1072608708576483 0.14689391282025147 1.29946 
2167.5 2.711594119450167e-11 1.1016749704518007 0.1467988345086083 1.29051 
2172.5 2.7005490410882304e-11 1.0972455489939508 0.14670375619696518 1.28282 
2177.5 2.691452677530513e-11 1.0935820601427697 0.14660867788532206 1.27663 
2182.5 2.6833327718353924e-11 1.0902924144305906 0.14651359957367893 1.2722 
2187.5 2.675263039219925e-11 1.0870038948413758 0.1464185212620358 1.26977 
2192.5 2.6664577520656032e-11 1.0834029962086793 0.14632344295039268 1.26937 
2197.5 2.6568057011199662e-11 1.0794592385036406 0.14622836463874953 1.27016 
2202.5 2.6465327861438007e-11 1.0752696593338027 0.1461332863271064 1.27107 
2207.5 2.6357211688171394e-11 1.0708638792701972 0.14603820801546327 1.27103 
2212.5 2.6246046709659772e-11 1.0663393416597964 0.14594312970382015 1.26898 
2217.5 2.6132424681910063e-11 1.0617154211895214 0.145848051392177 1.26417 
2222.5 2.60136136822856e-11 1.0568748895981697 0.14575297308053387 1.25711 
2227.5 2.5886926800754896e-11 1.0517096512075814 0.14565789476889074 1.24863 
2232.5 2.5748311165968147e-11 1.046053327861841 0.1455628164572476 1.23955 
2237.5 2.5594783989890416e-11 1.0397883498218063 0.14546773814560449 1.23072 
2242.5 2.54243479448704e-11 1.0328371169709891 0.14537265983396136 1.22282 
2247.5 2.5241724480033216e-11 1.0254049545191517 0.1452775815223182 1.2161 
2252.5 2.505362696987612e-11 1.017766415977521 0.14518250321067508 1.21067 
2257.5 2.4866631352197088e-11 1.0101867460271214 0.14508742489903195 1.20663 
2262.5 2.4687530222145464e-11 1.0029407815870344 0.14499234658738883 1.2041 
2267.5 2.4522209935139035e-11 0.9962638711465868 0.14489726827574567 1.20314 
2272.5 2.4371906816959695e-11 0.9901962521436252 0.14480218996410255 1.20363 
2277.5 2.423669666745485e-11 0.9847394226022701 0.14470711165245942 1.20536 
2282.5 2.4116672751286053e-11 0.9798974764583285 0.1446120333408163 1.20817 
2287.5 2.4011886321988787e-11 0.9756724314210079 0.14451695502917317 1.21187 
2292.5 2.3922248075934096e-11 0.9720603406819159 0.14442187671753004 1.21613 
2297.5 2.3847270024079058e-11 0.9690406059689936 0.14432679840588689 1.22003 
2302.5 2.378630381505328e-11 0.9665866656460435 0.14423172009424376 1.2225 
2307.5 2.3738693175421173e-11 0.964671841479984 0.14413664178260063 1.22247 
2312.5 2.370380481782647e-11 0.9632701965046009 0.14404156347095748 1.21887 
2317.5 2.368015629032158e-11 0.9623192937429504 0.14394648515931435 1.21113 
2322.5 2.3662768376322563e-11 0.9616103243508873 0.14385140684767123 1.20063 
2327.5 2.364563630875907e-11 0.9608988996147557 0.1437563285360281 1.18924 
2332.5 2.3622707788169496e-11 0.9599405267083119 0.14366125022438497 1.17885 
2337.5 2.3587930515092247e-11 0.9584911082093772 0.14356617191274185 1.17132 
2342.5 2.353709107641285e-11 0.9563854371052326 0.1434710936010987 1.16797 
2347.5 2.3473437231941496e-11 0.9537706158822531 0.14337601528945557 1.16787 
2352.5 2.340254709621795e-11 0.9508757830122562 0.14328093697781244 1.16953 
2357.5 2.3330062400192037e-11 0.9479286017963637 0.1431858586661693 1.17147 
2362.5 2.326159924804582e-11 0.9451556292031013 0.14309078035452616 1.1722 
2367.5 2.320162311965022e-11 0.9427341546064402 0.14299570204288303 1.17059 
2372.5 2.314989028963956e-11 0.9406443335864622 0.1429006237312399 1.16696 
2377.5 2.310464907483517e-11 0.9388129573806671 0.14280554541959678 1.16201 
2382.5 2.3064099479550848e-11 0.9371674282986006 0.14271046710795365 1.15643 
2387.5 2.3026442828444598e-11 0.9356350317084835 0.14261538879631053 1.1509 
2392.5 2.2989834474015738e-11 0.934141014493978 0.14252031048466737 1.14594 
2397.5 2.2951990392567728e-11 0.9325921021850572 0.14242523217302425 1.14141 
2402.5 2.291062445994357e-11 0.9308959499345697 0.14233015386138112 1.13699 
2407.5 2.2863382914092428e-11 0.9289573746033633 0.14223507554973797 1.13236 
2412.5 2.280790803193086e-11 0.9266814997815565 0.14213999723809484 1.1272 
2417.5 2.2743175282977115e-11 0.9240306217363878 0.1420449189264517 1.12137 
2422.5 2.2673454556723094e-11 0.9211885391209218 0.1419498406148086 1.11542 
2427.5 2.2604533722999413e-11 0.9183914567907508 0.14185476230316546 1.11007 
2432.5 2.254236257419669e-11 0.915879615806381 0.14175968399152233 1.10604 
2437.5 2.2492873198003033e-11 0.9138916454427072 0.14166460567987918 1.10407 
2442.5 2.2458870254972213e-11 0.9125321316393338 0.14156952736823605 1.10457 
2447.5 2.2430658300320806e-11 0.911382631854048 0.14147444905659293 1.10685 
2452.5 2.2394754050142003e-11 0.9098923367944612 0.1413793707449498 1.10988 
2457.5 2.2337497294405997e-11 0.9075099906157521 0.14128429243330665 1.11267 
2462.5 2.2245158864844987e-11 0.9036826670945898 0.14118921412166352 1.11422 
2467.5 2.2110119929262764e-11 0.898119614287161 0.1410941358100204 1.1138 
2472.5 2.1949041375612798e-11 0.8915459792573187 0.14099905749837727 1.11191 
2477.5 2.1785980922949037e-11 0.8849458564624172 0.14090397918673414 1.10934 
2482.5 2.1645342220506225e-11 0.8793045639358223 0.14080890087509101 1.10687 
2487.5 2.155152891751908e-11 0.8756061243913553 0.14071382256344786 1.10528 
2492.5 2.1521750020389168e-11 0.8745260282948605 0.14061874425180473 1.10517 
2497.5 2.1544091654688384e-11 0.8755208628708594 0.1405236659401616 1.10634 
2502.5 2.159779619324793e-11 0.8777376983359775 0.14042858762851848 1.10844 
2507.5 2.1661669755084633e-11 0.8803208188656875 0.14033350931687533 1.11107 
2512.5 2.171454012495046e-11 0.8824159520413386 0.1402384310052322 1.11387 
2517.5 2.173967272125404e-11 0.8833589212299354 0.14014335269358907 1.11654 
2522.5 2.173817213952934e-11 0.883232071703966 0.14004827438194595 1.11913 
2527.5 2.1716589351936857e-11 0.8823085940975129 0.13995319607030282 1.12179 
2532.5 2.1681776129226628e-11 0.8808648219523718 0.1398581177586597 1.12466 
2537.5 2.1640494938519727e-11 0.8791732280454975 0.13976303944701654 1.12786 
2542.5 2.1598054842562068e-11 0.8774442659150411 0.13966796113537341 1.13141 
2547.5 2.1553406522755278e-11 0.8756220991921265 0.1395728828237303 1.13483 
2552.5 2.1503577153138933e-11 0.8735837702575842 0.13947780451208713 1.1375 
2557.5 2.1445550096505612e-11 0.8712080679717435 0.139382726200444 1.13879 
2562.5 2.1376288370256935e-11 0.8683734669228252 0.13928764788880088 1.1381 
2567.5 2.1295948736478482e-11 0.8650954215399337 0.13919256957715775 1.13502 
2572.5 2.1217398898339674e-11 0.861921191221698 0.13909749126551463 1.13 
2577.5 2.115749016986585e-11 0.8595381781713656 0.1390024129538715 1.12372 
2582.5 2.113321538180027e-11 0.8586322163761001 0.13890733464222835 1.11684 
2587.5 2.1161564724197782e-11 0.8598876303974664 0.13881225633058522 1.11002 
2592.5 2.1252540618994142e-11 0.8636889952366288 0.1387171780189421 1.10383 
2597.5 2.1387976919646136e-11 0.8692419526414488 0.13862209970729897 1.09838 
2602.5 2.1541078763537494e-11 0.8754496294553455 0.1385270213956558 1.09371 
2607.5 2.1684670248805667e-11 0.881214471994589 0.1384319430840127 1.08983 
2612.5 2.1791576793932303e-11 0.885439744007641 0.13833686477236956 1.08675 
2617.5 2.18402324207578e-11 0.8872691670519601 0.13824178646072643 1.08447 
2622.5 2.1831666825987384e-11 0.8867921668428571 0.1381467081490833 1.08283 
2627.5 2.1773797723216163e-11 0.8843395977928933 0.13805162983744018 1.08166 
2632.5 2.167491096218306e-11 0.8802460500712286 0.13795655152579703 1.08077 
2637.5 2.15432260750774e-11 0.8748440285251246 0.1378614732141539 1.07999 
2642.5 2.1388268839578223e-11 0.8685224286918899 0.13776639490251077 1.07911 
2647.5 2.1224720216518008e-11 0.8618858726864288 0.13767131659086762 1.07779 
2652.5 2.106881719716141e-11 0.8555932646402815 0.1375762382792245 1.07568 
2657.5 2.0936869391704134e-11 0.8503034553356787 0.13748115996758137 1.07243 
2662.5 2.0845209396421247e-11 0.8466749391216308 0.13738608165593824 1.06766 
2667.5 2.0804447594176552e-11 0.8451206522329944 0.13729100334429511 1.06127 
2672.5 2.080213236966126e-11 0.8450882997932464 0.137195925032652 1.05405 
2677.5 2.081875976731661e-11 0.8457783977890382 0.13710084672100883 1.04706 
2682.5 2.0834541717692184e-11 0.8463920056562891 0.1370057684093657 1.04132 
2687.5 2.082966980594662e-11 0.8461297565222077 0.13691069009772258 1.03788 
2692.5 2.0788471791175414e-11 0.8443696496215897 0.13681561178607946 1.03749 
2697.5 2.071208605763385e-11 0.8411933075816391 0.1367205334744363 1.03977 
2702.5 2.060664850771012e-11 0.8368565672100885 0.13662545516279317 1.04403 
2707.5 2.0478642354768538e-11 0.8316214111580966 0.13653037685115005 1.0496 
2712.5 2.0334488455656426e-11 0.8257474429113421 0.13643529853950692 1.0558 
2717.5 2.0181224330330646e-11 0.8195210390852329 0.1363402202278638 1.06201 
2722.5 2.00283826585308e-11 0.8133330512543314 0.13624514191622067 1.06778 
2727.5 1.98863269792062e-11 0.8076038901108664 0.13615006360457751 1.07273 
2732.5 1.976536849731486e-11 0.8027500434926466 0.1360549852929344 1.07647 
2737.5 1.9675859108596656e-11 0.7991892353172307 0.13595990698129126 1.07861 
2742.5 1.962521113132445e-11 0.7972129262405983 0.13586482866964814 1.07893 
2747.5 1.960887602101233e-11 0.7966118768763844 0.13576975035800498 1.07781 
2752.5 1.9618708664523012e-11 0.7970511602037552 0.13567467204636185 1.07583 
2757.5 1.9646373278926264e-11 0.798194005090627 0.13557959373471873 1.07355 
2762.5 1.9683532760947683e-11 0.7997034643555968 0.1354845154230756 1.07151 
2767.5 1.9722217784582282e-11 0.8012582709206258 0.13538943711143248 1.07014 
2772.5 1.975583632801331e-11 0.8025947584815809 0.13529435879978935 1.06926 
2777.5 1.977824204700131e-11 0.8034651788279236 0.1351992804881462 1.06853 
2782.5 1.9783263750655392e-11 0.8036202415823561 0.13510420217650307 1.06762 
2787.5 1.9764750593475594e-11 0.8028126109222063 0.13500912386485994 1.06621 
2792.5 1.9720391725555788e-11 0.8009596552151087 0.1349140455532168 1.06409 
2797.5 1.9663313578994026e-11 0.7986247855075226 0.13481896724157366 1.06154 
2802.5 1.9611332342919983e-11 0.7965354475180912 0.13472388892993054 1.05896 
2807.5 1.9582506369680087e-11 0.7954207062963183 0.1346288106182874 1.05677 
2812.5 1.9594895331964982e-11 0.7960083768319465 0.13453373230664428 1.05537 
2817.5 1.966026071672638e-11 0.798756162832502 0.13443865399500116 1.055 
2822.5 1.9765108312680463e-11 0.8030648307177856 0.134343575683358 1.05518 
2827.5 1.988823877611373e-11 0.8080652063549606 0.13424849737171488 1.05528 
2832.5 2.000809230934571e-11 0.8128865517820413 0.13415341906007175 1.05465 
2837.5 2.0103086128616567e-11 0.8166576203657521 0.13405834074842862 1.05266 
2842.5 2.015563570762731e-11 0.8186785831179759 0.13396326243678547 1.0489 
2847.5 2.016422366863466e-11 0.8189220261973339 0.13386818412514234 1.04398 
2852.5 2.013212699845843e-11 0.8175278483345353 0.13377310581349922 1.03875 
2857.5 2.0062937766405816e-11 0.8146411634692404 0.1336780275018561 1.03404 
2862.5 1.9960184364922806e-11 0.8104049794328891 0.13358294919021296 1.0307 
2867.5 1.9829161153531896e-11 0.8050383809800931 0.13348787087856984 1.02929 
2872.5 1.9682228940298867e-11 0.7990562103638686 0.13339279256692668 1.0292 
2877.5 1.953389553961229e-11 0.7930484030559006 0.13329771425528356 1.02955 
2882.5 1.9398723139861367e-11 0.7876031675004199 0.13320263594364043 1.02945 
2887.5 1.9291317260905573e-11 0.7833097852263432 0.13310755763199728 1.02801 
2892.5 1.922228648548778e-11 0.7805859299861512 0.13301247932035415 1.02466 
2897.5 1.9185873428763696e-11 0.7791641538985736 0.13291740100871102 1.02019 
2902.5 1.9171509176851346e-11 0.7786097072180699 0.1328223226970679 1.01571 
2907.5 1.9168263761222684e-11 0.7784808964869613 0.13272724438542477 1.01232 
2912.5 1.9165337207760492e-11 0.7783417991583094 0.13263216607378164 1.01112 
2917.5 1.9153132740538395e-11 0.7778077133885061 0.1325370877621385 1.01285 
2922.5 1.9127363067617823e-11 0.7767164076030625 0.13244200945049536 1.01664 
2927.5 1.9085398114219133e-11 0.7749640240725901 0.13234693113885224 1.02126 
2932.5 1.9024616747632558e-11 0.7724443728153884 0.1322518528272091 1.02547 
2937.5 1.8942439846274388e-11 0.7690540438542195 0.13215677451556596 1.02803 
2942.5 1.8839577938594824e-11 0.7648305770336793 0.13206169620392283 1.02803 
2947.5 1.873010138572622e-11 0.7603705011862933 0.1319666178922797 1.02589 
2952.5 1.8632239045770522e-11 0.756416178614042 0.13187153958063658 1.02237 
2957.5 1.8564300257374775e-11 0.7537051070612599 0.13177646126899345 1.01822 
2962.5 1.8544656715703053e-11 0.7529755180946393 0.13168138295735032 1.01419 
2967.5 1.858513304434035e-11 0.7546832176519837 0.13158630464570717 1.01087 
2972.5 1.8670881494010253e-11 0.7581649117058045 0.13149122633406404 1.00816 
2977.5 1.877906176729631e-11 0.7624728482073052 0.13139614802242092 1.00581 
2982.5 1.8886392271479265e-11 0.7666416284482516 0.1313010697107778 1.00355 
2987.5 1.8969656411045274e-11 0.7696715367589666 0.13120599139913464 1.00113 
2992.5 1.9011066266237143e-11 0.7706448770588704 0.1311109130874915 0.998336 
2997.5 1.9014982293901425e-11 0.7684187172101489 0.13101583477584838 0.995235 
