-1987.5 0.0 0.0011967084783818852 0.4087287591677993 0.922349 
-1982.5 9.650213330131713e-11 0.6340144437106069 0.40871303192551645 0.930449 
-1977.5 9.876011569195395e-11 0.6354205716908812 0.40869730468323356 0.93831 
-1972.5 9.895126455763201e-11 0.6367326315423942 0.4086815774409506 0.945694 
-1967.5 9.918709892143133e-11 0.6382915367456604 0.40866585019866775 0.952361 
-1962.5 9.94904949814718e-11 0.6402726766097413 0.4086501229563848 0.958073 
-1957.5 9.98837413132932e-11 0.6428271862633665 0.40863439571410193 0.962693 
-1952.5 1.0037328409198535e-10 0.645997250650815 0.408618668471819 0.96649 
-1947.5 1.0089802574493633e-10 0.6493826218513591 0.4086029412295361 0.969832 
-1942.5 1.0137913399255406e-10 0.6524754129763921 0.40858721398725323 0.97309 
-1937.5 1.0173757290969531e-10 0.6547683388849921 0.4085714867449703 0.976633 
-1932.5 1.0189401114075271e-10 0.655752146846563 0.4085557595026874 0.980749 
-1927.5 1.0180271109481697e-10 0.6551382137420366 0.4085400322604045 0.985389 
-1922.5 1.015529154405032e-10 0.6535183880259937 0.4085243050181216 0.990422 
-1917.5 1.0126993035966342e-10 0.651702298055829 0.40850857777583865 0.995717 
-1912.5 1.0108022895067577e-10 0.6505026261299816 0.4084928505335558 1.00114 
-1907.5 1.0110984602374453e-10 0.6507289456535403 0.4084771232912729 1.00658 
-1902.5 1.0144792107569838e-10 0.6529485072962279 0.40846139604898996 1.01197 
-1897.5 1.020333099907482e-10 0.6567481166222658 0.4084456688067071 1.01727 
-1892.5 1.0276459213378721e-10 0.6614712348632974 0.40842994156442414 1.02244 
-1887.5 1.0353954375934701e-10 0.6664611249472945 0.40841421432214126 1.02742 
-1882.5 1.0425564245314674e-10 0.6710591529022547 0.4083984870798584 1.03214 
-1877.5 1.0483380482598225e-10 0.6747606770191099 0.40838275983757544 1.03631 
-1872.5 1.052875952379461e-10 0.6776653740894215 0.40836703259529256 1.03963 
-1867.5 1.0565527493973227e-10 0.6800220645849133 0.4083513053530096 1.04177 
-1862.5 1.0597619474859095e-10 0.6820836076108662 0.40833557811072674 1.04241 
-1857.5 1.0628927043194655e-10 0.6840999088743375 0.4083198508684438 1.04141 
-1852.5 1.0662310396815118e-10 0.6862531963506084 0.4083041236261609 1.03925 
-1847.5 1.0696455892460587e-10 0.6884534159840046 0.40828839638387804 1.03656 
-1842.5 1.0728914519946914e-10 0.6905418381677525 0.4082726691415951 1.03401 
-1837.5 1.0757184733771084e-10 0.6923577316849449 0.4082569418993122 1.03224 
-1832.5 1.0778809141082296e-10 0.6937433451848107 0.4082412146570293 1.03173 
-1827.5 1.0792391594818227e-10 0.6946105765853373 0.4082254874147464 1.03233 
-1822.5 1.0800785103884411e-10 0.6951485091240588 0.40820976017246347 1.03375 
-1817.5 1.0808054330487838e-10 0.695619799208585 0.4081940329301806 1.03568 
-1812.5 1.0818288224447247e-10 0.6962871431178012 0.4081783056878977 1.03781 
-1807.5 1.0835530935259517e-10 0.697410232997867 0.40816257844561477 1.03991 
-1802.5 1.0862362163736313e-10 0.6991526182157768 0.4081468512033319 1.04208 
-1797.5 1.0895341565188078e-10 0.7012850879013129 0.40813112396104895 1.0445 
-1792.5 1.0929390659658542e-10 0.7034793394905651 0.40811539671876607 1.04734 
-1787.5 1.0959383326433659e-10 0.7054060292276214 0.40809966947648313 1.05078 
-1782.5 1.0980222987845807e-10 0.7067378439873092 0.40808394223420025 1.05487 
-1777.5 1.0988501192687047e-10 0.7072583285524944 0.40806821499191737 1.05916 
-1772.5 1.0987775199532058e-10 0.7072054939679508 0.40805248774963443 1.06307 
-1767.5 1.0983425071662919e-10 0.706927252181651 0.40803676050735155 1.06601 
-1762.5 1.0980926875624389e-10 0.7067755170837506 0.4080210332650686 1.06742 
-1757.5 1.0985698239538048e-10 0.7070982552721436 0.40800530602278573 1.06694 
-1752.5 1.1002110155342788e-10 0.7081747584133686 0.4079895787805028 1.06518 
-1747.5 1.1030045847794553e-10 0.7099914619404516 0.4079738515382199 1.06298 
-1742.5 1.1068231440753139e-10 0.7124651228550835 0.40795812429593703 1.06119 
-1737.5 1.1115355132365259e-10 0.7155114452460395 0.4079423970536541 1.06064 
-1732.5 1.1170119730383437e-10 0.7190470737064282 0.4079266698113712 1.06195 
-1727.5 1.1230929697582616e-10 0.7229690264319402 0.4079109425690883 1.06477 
-1722.5 1.1295137679197888e-10 0.7271057532014039 0.4078952153268054 1.06855 
-1717.5 1.1359774983214326e-10 0.7312660865184529 0.40787948808452246 1.07273 
-1712.5 1.1421911241242392e-10 0.7352617875268112 0.4078637608422396 1.07673 
-1707.5 1.1478542389193923e-10 0.7388997555317315 0.4078480335999567 1.08012 
-1702.5 1.1527334748634529e-10 0.7420310267821542 0.40783230635767376 1.08296 
-1697.5 1.156829883043356e-10 0.7446594421237365 0.4078165791153909 1.08543 
-1692.5 1.1602078067876959e-10 0.746827120078583 0.40780085187310794 1.08772 
-1687.5 1.1629343457249396e-10 0.7485772104219901 0.40778512463082506 1.09001 
-1682.5 1.1650766318670368e-10 0.7499529192853768 0.4077693973885421 1.09245 
-1677.5 1.1667764644290357e-10 0.7510465129283346 0.40775367014625924 1.09502 
-1672.5 1.168484890676869e-10 0.7521520235446685 0.40773794290397636 1.09767 
-1667.5 1.170732802732866e-10 0.7536115560170893 0.4077222156616934 1.10035 
-1662.5 1.174055666198112e-10 0.7557691827232115 0.40770648841941054 1.10301 
-1657.5 1.1789860247525342e-10 0.7589669117969468 0.4076907611771276 1.10565 
-1652.5 1.1858517691726043e-10 0.7634123468484676 0.4076750339348447 1.10853 
-1647.5 1.1941594944958103e-10 0.7687773226596162 0.40765930669256184 1.11194 
-1642.5 1.2031860271380092e-10 0.7745943601321332 0.4076435794502789 1.11619 
-1637.5 1.2122095684368158e-10 0.7803997983630654 0.407627852207996 1.1216 
-1632.5 1.2205054625756497e-10 0.7857280914399826 0.4076121249657131 1.12833 
-1627.5 1.2275386436668373e-10 0.7902382748065159 0.4075963977234302 1.13608 
-1622.5 1.233536777308448e-10 0.7940869476409462 0.40758067048114727 1.1444 
-1617.5 1.238935127947503e-10 0.7975562972620117 0.4075649432388644 1.15285 
-1612.5 1.244170118428639e-10 0.8009266517905531 0.4075492159965815 1.16099 
-1607.5 1.2496796001735884e-10 0.8044792852634778 0.40753348875429857 1.16846 
-1602.5 1.2557819894626091e-10 0.8084170035621016 0.4075177615120157 1.17522 
-1597.5 1.2623197218297234e-10 0.8126321301366329 0.40750203426973275 1.18133 
-1592.5 1.2690040063760374e-10 0.8169375237808125 0.40748630702744987 1.18684 
-1587.5 1.275541935796527e-10 0.8211450165091423 0.40747057978516693 1.1918 
-1582.5 1.281642063746748e-10 0.8250674815977788 0.40745485254288405 1.19628 
-1577.5 1.2871608173278742e-10 0.8286149044319049 0.40743912530060117 1.2004 
-1572.5 1.2925387404459397e-10 0.832078272906104 0.40742339805831823 1.20433 
-1567.5 1.298370841867492e-10 0.8358417784594167 0.40740767081603535 1.20821 
-1562.5 1.3052611801661458e-10 0.8402935698263266 0.4073919435737524 1.21219 
-1557.5 1.3138109567613222e-10 0.8458197106888572 0.40737621633146953 1.21639 
-1552.5 1.3243569864065066e-10 0.8526326227660836 0.4073604890891866 1.22078 
-1547.5 1.3361655976626205e-10 0.8602463784741784 0.4073447618469037 1.22531 
-1542.5 1.3482172011127801e-10 0.8680023706791617 0.40732903460462083 1.22993 
-1537.5 1.3594850145031504e-10 0.8752409092910287 0.4073133073623379 1.23459 
-1532.5 1.3689407298523526e-10 0.8813014786680976 0.407297580120055 1.23925 
-1527.5 1.3759069426500911e-10 0.8857540884332623 0.4072818528777721 1.24391 
-1522.5 1.3810892283854996e-10 0.8890708310960153 0.4072661256354892 1.24862 
-1517.5 1.385572430245438e-10 0.8919533806968003 0.40725039839320626 1.25338 
-1512.5 1.3904474758075655e-10 0.8951025924780166 0.4072346711509234 1.25824 
-1507.5 1.3968082469541843e-10 0.8992211535490245 0.4072189439086405 1.26324 
-1502.5 1.4054171679528018e-10 0.9047939876314035 0.40720321666635756 1.2685 
-1497.5 1.4157317579479865e-10 0.9114548707394367 0.4071874894240747 1.27417 
-1492.5 1.4268483791123463e-10 0.9186187958687666 0.40717176218179174 1.28038 
-1487.5 1.4378636388222419e-10 0.9257054945648939 0.40715603493950886 1.28729 
-1482.5 1.4478683329951967e-10 0.9321308820210632 0.407140307697226 1.295 
-1477.5 1.4562249166340855e-10 0.9374894006659529 0.40712458045494304 1.30356 
-1472.5 1.4633679861958207e-10 0.94207482882689 0.40710885321266016 1.31298 
-1467.5 1.4700255552189125e-10 0.9463585387841221 0.4070931259703772 1.32326 
-1462.5 1.4769329919962332e-10 0.9508130327202867 0.40707739872809434 1.33441 
-1457.5 1.484821217171952e-10 0.9559078733527318 0.4070616714858114 1.34644 
-1452.5 1.4943359336282581e-10 0.9620567120133248 0.4070459442435285 1.35931 
-1447.5 1.50576110246991e-10 0.9694371529845933 0.40703021700124564 1.37296 
-1442.5 1.5192907464590184e-10 0.9781728111498841 0.4070144897589627 1.38734 
-1437.5 1.535109640545856e-10 0.9883823277658735 0.4069987625166798 1.40241 
-1432.5 1.5533964243870353e-10 1.0001803435458374 0.4069830352743969 1.41811 
-1427.5 1.5742444874937072e-10 1.013625516458461 0.406967308032114 1.43441 
-1422.5 1.5972525699780766e-10 1.0284532841005187 0.40695158078983107 1.45126 
-1417.5 1.6218892578782223e-10 1.0443205814524097 0.4069358535475482 1.46864 
-1412.5 1.6476354799942574e-10 1.0608940624723264 0.4069201263052653 1.4865 
-1407.5 1.6739724889611182e-10 1.0778403801694125 0.40690439906298237 1.50477 
-1402.5 1.700411404294981e-10 1.094845806149941 0.4068886718206995 1.52312 
-1397.5 1.7265983941472465e-10 1.1116847622241035 0.40687294457841655 1.54121 
-1392.5 1.7522124080639642e-10 1.1281513032871116 0.40685721733613367 1.55868 
-1387.5 1.7769031763795902e-10 1.1440199572536809 0.40684149009385073 1.57517 
-1382.5 1.8003795155214137e-10 1.1591044799226116 0.40682576285156785 1.59042 
-1377.5 1.8224262044591164e-10 1.1732677705385148 0.40681003560928497 1.60458 
-1372.5 1.8433523117581882e-10 1.1867155241749678 0.40679430836700203 1.61789 
-1367.5 1.8635827742872722e-10 1.1997221584277475 0.40677858112471915 1.63059 
-1362.5 1.883574662640014e-10 1.2125817249998652 0.4067628538824362 1.64294 
-1357.5 1.903770761639084e-10 1.2255784460383483 0.40674712664015333 1.65509 
-1352.5 1.9244791313067533e-10 1.238908296743779 0.4067313993978704 1.6669 
-1347.5 1.9456315811363867e-10 1.2525223565046404 0.4067156721555875 1.67814 
-1342.5 1.9670174237851918e-10 1.266283435381672 0.40669994491330463 1.68858 
-1337.5 1.988423057396965e-10 1.2800542523254816 0.4066842176710217 1.69799 
-1332.5 2.0096498135561233e-10 1.293707223329529 0.4066684904287388 1.70619 
-1327.5 2.0303500132757097e-10 1.307016707400419 0.4066527631864559 1.71319 
-1322.5 2.0497546028831793e-10 1.3194827839624577 0.406637035944173 1.71903 
-1317.5 2.0668913266028783e-10 1.3304781281594005 0.40662130870189006 1.72377 
-1312.5 2.0808285191283115e-10 1.3394047656246226 0.4066055814596072 1.72746 
-1307.5 2.0906354866574536e-10 1.3456649242375438 0.4065898542173243 1.73018 
-1302.5 2.0957250045225335e-10 1.3488865145183973 0.40657412697504136 1.73214 
-1297.5 2.0970106403186967e-10 1.349676895096055 0.4065583997327585 1.73358 
-1292.5 2.0957519473764288e-10 1.3488495715197513 0.40654267249047554 1.73475 
-1287.5 2.093275013319981e-10 1.3472573870886817 0.40652694524819266 1.73589 
-1282.5 2.0908624207910402e-10 1.3457237724357098 0.4065112180059097 1.73725 
-1277.5 2.0896016461987642e-10 1.3449445980444508 0.40649549076362684 1.73908 
-1272.5 2.0896799496624205e-10 1.3450280774282313 0.40647976352134396 1.74166 
-1267.5 2.0910859599244456e-10 1.3459646023427425 0.406464036279061 1.74525 
-1262.5 2.0937596193875365e-10 1.3477150608395518 0.40644830903677814 1.75013 
-1257.5 2.0976697658311606e-10 1.3502598439355313 0.4064325817944952 1.7564 
-1252.5 2.102741084382573e-10 1.3535498971204634 0.4064168545522123 1.76357 
-1247.5 2.1087180873771198e-10 1.357418620869163 0.40640112730992944 1.77102 
-1242.5 2.11529660081041e-10 1.3616699764649702 0.4063854000676465 1.7781 
-1237.5 2.1221714791735835e-10 1.3661079049587197 0.4063696728253636 1.78417 
-1232.5 2.1290375769577783e-10 1.3705363751633193 0.4063539455830807 1.78883 
-1227.5 2.135664415857233e-10 1.374808377421911 0.4063382183407978 1.79261 
-1222.5 2.1420172714683592e-10 1.3789042463001642 0.40632249109851487 1.79624 
-1217.5 2.1481104295621303e-10 1.3828337774837347 0.406306763856232 1.8005 
-1212.5 2.153989014295229e-10 1.3866263926885256 0.4062910366139491 1.80614 
-1207.5 2.1596539971721253e-10 1.3902822338901115 0.40627530937166617 1.81373 
-1202.5 2.1652696460396363e-10 1.3939092761721392 0.4062595821293833 1.82318 
-1197.5 2.1714069938243717e-10 1.3978799694043471 0.40624385488710035 1.83422 
-1192.5 2.178750351077505e-10 1.4026354416412874 0.40622812764481747 1.84657 
-1187.5 2.1880012286345932e-10 1.4086266470325568 0.40621240040253453 1.85997 
-1182.5 2.1998763946066373e-10 1.4163142341261044 0.40619667316025165 1.87411 
-1177.5 2.2148540058895423e-10 1.4260019768882286 0.40618094591796877 1.88852 
-1172.5 2.2327649000753914e-10 1.4375724237003962 0.40616521867568584 1.90272 
-1167.5 2.2531721213683314e-10 1.4507414348781813 0.40614949143340295 1.9162 
-1162.5 2.275678009102373e-10 1.4652540995136616 0.40613376419112 1.92847 
-1157.5 2.299870940675377e-10 1.480845659799507 0.40611803694883714 1.93928 
-1152.5 2.3252792358879026e-10 1.4972121210207157 0.4061023097065542 1.94933 
-1147.5 2.3512656513543965e-10 1.5139417338248817 0.4060865824642713 1.95958 
-1142.5 2.3771147143031525e-10 1.5305737532088344 0.40607085522198844 1.97098 
-1137.5 2.402124266228966e-10 1.5466572402468004 0.4060551279797055 1.98447 
-1132.5 2.425592472461458e-10 1.561741413389235 0.4060394007374226 2.00075 
-1127.5 2.447086300261404e-10 1.5755520967549361 0.4060236734951397 2.01949 
-1122.5 2.4672836205222654e-10 1.588539920510649 0.4060079462528568 2.0401 
-1117.5 2.4871550698455785e-10 1.60133214603121 0.40599221901057386 2.062 
-1112.5 2.5076920473003185e-10 1.6145659678565574 0.405976491768291 2.08461 
-1107.5 2.529886275790284e-10 1.6288785261897765 0.4059607645260081 2.10743 
-1102.5 2.554520410050594e-10 1.6447696778460565 0.40594503728372516 2.13036 
-1097.5 2.5817005663009545e-10 1.6622984987117015 0.4059293100414423 2.1534 
-1092.5 2.611309220025345e-10 1.6813867459330225 0.40591358279915934 2.17654 
-1087.5 2.643254179901462e-10 1.7019756239311736 0.40589785555687646 2.19978 
-1082.5 2.677414035395406e-10 1.7239866980660328 0.4058821283145936 2.22315 
-1077.5 2.7136219279817744e-10 1.7473120738855226 0.40586640107231065 2.2469 
-1072.5 2.751515892902636e-10 1.771716520824816 0.40585067383002776 2.2713 
-1067.5 2.7906849552254976e-10 1.7969353624560442 0.4058349465877448 2.29664 
-1062.5 2.830672368191538e-10 1.8226745561569937 0.40581921934546195 2.3232 
-1057.5 2.8710801472999445e-10 1.8486792831138779 0.405803492103179 2.35122 
-1052.5 2.911616137473538e-10 1.8747634822650645 0.4057877648608961 2.38075 
-1047.5 2.95263258842555e-10 1.9011622510492443 0.40577203761861325 2.41183 
-1042.5 2.9946748760540533e-10 1.9282283928623316 0.4057563103763303 2.44446 
-1037.5 3.038262395393757e-10 1.9562952129023559 0.40574058313404743 2.47866 
-1032.5 3.083928827250346e-10 1.9857057513487513 0.4057248558917645 2.51431 
-1027.5 3.132058841858127e-10 2.016704995713987 0.4057091286494816 2.55072 
-1022.5 3.182585867884583e-10 2.0492440726725603 0.4056934014071987 2.58706 
-1017.5 3.2352992179869207e-10 2.0831858134955668 0.4056776741649158 2.62251 
-1012.5 3.2899703568683167e-10 2.118383164962482 0.4056619469226329 2.65623 
-1007.5 3.3463704253971253e-10 2.154689005278509 0.40564621968035 2.68773 
-1002.5 3.4042108306792216e-10 2.1919169346742855 0.4056304924380671 2.7178 
-997.5 3.462873148787553e-10 2.22966508310095 0.40561476519578415 2.74759 
-992.5 3.521657164225855e-10 2.2674825288728715 0.4055990379535013 2.77821 
-987.5 3.5798610423237457e-10 2.3049183538953204 0.40558331071121834 2.81081 
-982.5 3.636797881851467e-10 2.341531569042708 0.40556758346893546 2.84621 
-977.5 3.692020040463997e-10 2.3770381944186885 0.4055518562266526 2.88398 
-972.5 3.746145331457495e-10 2.4118496685920383 0.40553612898436964 2.9234 
-967.5 3.8000833623317253e-10 2.446554042125333 0.40552040174208676 2.96375 
-962.5 3.8547495696132703e-10 2.481739508576928 0.4055046744998038 3.0043 
-957.5 3.911074323269334e-10 2.5180039984961926 0.40548894725752094 3.04441 
-952.5 3.969779248933264e-10 2.555808183730548 0.405473220015238 3.0839 
-947.5 4.030984100926091e-10 2.5952209130843866 0.4054574927729551 3.12263 
-942.5 4.094556745125999e-10 2.636154169678567 0.40544176553067224 3.16051 
-937.5 4.1604345332571006e-10 2.6785687546752444 0.4054260382883893 3.19744 
-932.5 4.228496702455144e-10 2.722386281962026 0.4054103110461064 3.2335 
-927.5 4.298636127957205e-10 2.7675380903133906 0.4053945838038235 3.26965 
-922.5 4.370626541310223e-10 2.8138771599887247 0.4053788565615406 3.30706 
-917.5 4.444179349620074e-10 2.861217279404104 0.40536312931925766 3.34686 
-912.5 4.5190793318564374e-10 2.9094211562092416 0.4053474020769748 3.39024 
-907.5 4.5950382189600133e-10 2.9583025791429276 0.4053316748346919 3.43796 
-902.5 4.671825856459863e-10 3.007714521824373 0.40531594759240896 3.48932 
-897.5 4.749317919308677e-10 3.0575785327071654 0.4053002203501261 3.54323 
-892.5 4.827407282743535e-10 3.1078260003979974 0.40528449310784315 3.59861 
-887.5 4.905957278955091e-10 3.1583687894236374 0.40526876586556027 3.65436 
-882.5 4.984860459345601e-10 3.209138465740222 0.4052530386232774 3.70967 
-877.5 5.064234024596258e-10 3.2602137189722873 0.40523731138099445 3.76486 
-872.5 5.14493177150098e-10 3.3121532047352997 0.40522158413871157 3.82049 
-867.5 5.228077233250558e-10 3.3656822681400973 0.40520585689642863 3.87716 
-862.5 5.314799448227774e-10 3.421526304686959 0.40519012965414575 3.93543 
-857.5 5.406167721052937e-10 3.4803713518464905 0.4051744024118628 3.99582 
-852.5 5.502906591872803e-10 3.5426776722115134 0.40515867516957993 4.05851 
-847.5 5.603926206318199e-10 3.607720445742382 0.40514294792729705 4.12361 
-842.5 5.707739123431464e-10 3.6745392674400197 0.4051272206850141 4.19122 
-837.5 5.812805329897319e-10 3.7421442206507582 0.40511149344273123 4.26146 
-832.5 5.917598774336638e-10 3.8095554557007913 0.4050957662004483 4.33446 
-827.5 6.021220933711147e-10 3.876205143643268 0.4050800389581654 4.41046 
-822.5 6.125295704069277e-10 3.9431709362194267 0.4050643117158825 4.48975 
-817.5 6.232128590215795e-10 4.011942553954026 0.4050485844735996 4.5726 
-812.5 6.344053631458666e-10 4.084019754307754 0.4050328572313167 4.65929 
-807.5 6.463390257500056e-10 4.160892151359692 0.4050171299890338 4.7499 
-802.5 6.591636234973218e-10 4.243509832109877 0.4050014027467509 4.84375 
-797.5 6.727045896422248e-10 4.330707257128124 0.40498567550446796 4.93998 
-792.5 6.866967353394714e-10 4.42076950390497 0.4049699482621851 5.03772 
-787.5 7.008730582688083e-10 4.511981315931649 0.40495422101990214 5.13609 
-782.5 7.149665561099823e-10 4.6026278664401135 0.40493849377761926 5.2345 
-777.5 7.288102805948926e-10 4.691651570391602 0.4049227665353364 5.33347 
-772.5 7.426322026370553e-10 4.780570823160315 0.40490703929305344 5.43381 
-767.5 7.567703574020525e-10 4.8715711443583425 0.40489131205077056 5.53633 
-762.5 7.715605021000781e-10 4.966809139975979 0.4048755848084876 5.64181 
-757.5 7.873412834790034e-10 5.068460607587354 0.40485985756620474 5.75095 
-752.5 8.043528523455729e-10 5.178053951596849 0.4048441303239218 5.8639 
-747.5 8.224509261168312e-10 5.294610158402453 0.4048284030816389 5.98074 
-742.5 8.413813846421331e-10 5.416483123126588 0.40481267583935604 6.1015 
-737.5 8.608893990380974e-10 5.542036085472026 0.4047969485970731 6.22623 
-732.5 8.807201728048251e-10 5.6696326601348055 0.4047812213547902 6.35506 
-727.5 9.007159768064461e-10 5.798274037847483 0.4047654941125073 6.48834 
-722.5 9.210945228489367e-10 5.929410046734215 0.4047497668702244 6.6265 
-717.5 9.421786859728827e-10 6.065128181340763 0.40473403962794147 6.76998 
-712.5 9.64293446145221e-10 6.207516308747722 0.4047183123856586 6.9192 
-707.5 9.877607966447645e-10 6.358642197556865 0.4047025851433757 7.07435 
-702.5 1.012786185146527e-09 6.519808393369498 0.40468685790109277 7.23466 
-697.5 1.0390901832818814e-09 6.689153824059133 0.4046711306588099 7.39912 
-692.5 1.0662604486043272e-09 6.864012942738151 0.40465540341652695 7.56672 
-687.5 1.0938849699099372e-09 7.04173928806672 0.40463967617424407 7.73645 
-682.5 1.1215488140736255e-09 7.2196674645069265 0.4046239489319612 7.90782 
-677.5 1.148986317609539e-09 7.396113012058876 0.40460822168967825 8.08251 
-672.5 1.176514472876106e-09 7.5731917956457435 0.40459249444739537 8.26269 
-667.5 1.2046166514612806e-09 7.75403013118915 0.40457676720511243 8.45056 
-662.5 1.2337706003873242e-09 7.94169629747931 0.40456103996282955 8.64831 
-657.5 1.2644598457518516e-09 8.139297208460746 0.4045453127205466 8.85749 
-652.5 1.29703364222083e-09 8.349056918223656 0.40452958547826373 9.0771 
-647.5 1.3312932593641923e-09 8.56962451016897 0.40451385823598085 9.3055 
-642.5 1.3668982258474335e-09 8.798795390027356 0.4044981309936979 9.54104 
-637.5 1.4035037596290217e-09 9.034354552454023 0.40448240375141503 9.78209 
-632.5 1.4407665396280066e-09 9.274097196307785 0.4044666765091321 10.0275 
-627.5 1.4784552779515684e-09 9.516554278709814 0.4044509492668492 10.2781 
-622.5 1.5168055454713368e-09 9.76330283431428 0.4044352220245663 10.5351 
-617.5 1.5561839451909664e-09 10.01671449339122 0.4044194947822834 10.7999 
-612.5 1.5969373030152485e-09 10.279014590669155 0.4044037675400005 11.0738 
-607.5 1.6394373459457943e-09 10.552594354012792 0.4043880402977176 11.3577 
-602.5 1.6839309106022075e-09 10.83902106621494 0.4043723130554347 11.6507 
-597.5 1.7301543764105032e-09 11.136531983232143 0.40435658581315176 11.9516 
-592.5 1.777743511768988e-09 11.442775113476168 0.4043408585708689 12.2593 
-587.5 1.8262873417451692e-09 11.755104362259525 0.40432513132858594 12.5726 
-582.5 1.8754187202239436e-09 12.071167694233397 0.40430940408630306 12.8907 
-577.5 1.924861073238398e-09 12.389202178092901 0.4042936768440202 13.2153 
-572.5 1.9748325733710095e-09 12.710677007130434 0.40427794960173724 13.5487 
-567.5 2.025681547278384e-09 13.037846319041803 0.40426222235945436 13.8929 
-562.5 2.077729045414471e-09 13.372769204762252 0.4042464951171714 14.2503 
-557.5 2.1313552043260546e-09 13.717896066193376 0.40423076787488854 14.6223 
-552.5 2.1868070549336316e-09 14.074795659574445 0.4042150406326056 15.0076 
-547.5 2.244134578916234e-09 14.443763210590333 0.4041993133903227 15.4042 
-542.5 2.3033238143377112e-09 14.824701537744014 0.40418358614803984 15.8101 
-537.5 2.3643296370413816e-09 15.21731742374143 0.4041678589057569 16.2233 
-532.5 2.4271361420821544e-09 15.62151350839017 0.404152131663474 16.6426 
-527.5 2.4917579390658265e-09 16.037388770937678 0.4041364044211911 17.0703 
-522.5 2.5583596196740394e-09 16.466021578016257 0.4041206771789082 17.5097 
-517.5 2.627123947377287e-09 16.908588735716005 0.40410494993662527 17.9639 
-512.5 2.698248942921504e-09 17.366365088590435 0.4040892226943424 18.4362 
-507.5 2.771962817768691e-09 17.840820904070483 0.4040734954520595 18.9289 
-502.5 2.8483749635255347e-09 18.332642302383984 0.40405776820977657 19.4413 
-497.5 2.9272785788671205e-09 18.840458638621072 0.4040420409674937 19.9716 
-492.5 3.0084301950560058e-09 19.36270242860387 0.40402631372521075 20.5184 
-487.5 3.0915408953632438e-09 19.89751254970903 0.40401058648292787 21.08 
-482.5 3.1763506584366544e-09 20.44322457308542 0.403994859240645 21.6559 
-477.5 3.2627494449999045e-09 20.99915593958072 0.40397913199836205 22.2493 
-472.5 3.351466726799603e-09 21.570108816215818 0.40396340475607917 22.8647 
-467.5 3.4433994447386567e-09 22.161867404149117 0.40394767751379623 23.5065 
-462.5 3.5394627115088246e-09 22.780314768033413 0.40393195027151335 24.1791 
-457.5 3.6405868970773103e-09 23.431431382576147 0.4039162230292304 24.886 
-452.5 3.7475085605180825e-09 24.11992324989515 0.40390049578694753 25.6284 
-447.5 3.8604075137494734e-09 24.846872168475706 0.40388476854466465 26.4065 
-442.5 3.979257452073299e-09 25.61208522502298 0.4038690413023817 27.2206 
-437.5 4.104027860938674e-09 26.415368809929866 0.40385331406009883 28.071 
-432.5 4.2347180926759524e-09 27.25672547645876 0.4038375868178159 28.9592 
-427.5 4.3713878810476125e-09 28.136550928257712 0.403821859575533 29.8918 
-422.5 4.5145313249334005e-09 29.058081294940756 0.4038061323332501 30.8765 
-417.5 4.664741515066657e-09 30.02514191843529 0.4037904050909672 31.9211 
-412.5 4.822613485189661e-09 31.041559113740234 0.4037746778486843 33.0333 
-407.5 4.98872733560407e-09 32.1110624208515 0.4037589506064014 34.2193 
-402.5 5.16381217718292e-09 33.238362190568914 0.4037432233641185 35.4795 
-397.5 5.3490035620442096e-09 34.430814013749014 0.40372749612183556 36.8124 
-392.5 5.545624987133608e-09 35.69695015852761 0.4037117688795527 38.2166 
-387.5 5.754944101652179e-09 37.04491262393874 0.40369604163726974 39.6909 
-382.5 5.978272059783556e-09 38.48313785204173 0.40368031439498686 41.2381 
-377.5 6.216950854097082e-09 40.02025947218254 0.403664587152704 42.8776 
-372.5 6.472562059881659e-09 41.66647871239199 0.40364885991042104 44.633 
-367.5 6.746752167545846e-09 43.43238989445167 0.40363313266813816 46.5279 
-362.5 7.041154029396871e-09 45.32849075453685 0.4036174054258552 48.586 
-357.5 7.357415107347761e-09 47.365378941192816 0.40360167818357234 50.8289 
-352.5 7.697407188755663e-09 49.55512461598611 0.4035859509412894 53.2712 
-347.5 8.063932791818496e-09 51.91587150213035 0.4035702236990065 55.9252 
-342.5 8.460008647221285e-09 54.46704081262239 0.40355449645672364 58.8035 
-337.5 8.888700495823615e-09 57.22835075289968 0.4035387692144407 61.9188 
-332.5 9.353045183108294e-09 60.21932883764106 0.4035230419721578 65.2891 
-327.5 9.856706111394523e-09 63.4636241847665 0.4035073147298749 68.9558 
-322.5 1.0405779501444486e-08 67.00075508087515 0.403491587487592 72.9655 
-317.5 1.1007071106649004e-08 70.87455845553862 0.40347586024530907 77.3651 
-312.5 1.1667371062249878e-08 75.12868220701382 0.4034601330030262 82.2015 
-307.5 1.2393453922378648e-08 79.80668405041067 0.4034444057607433 87.5263 
-302.5 1.3193019790650451e-08 84.95820573102473 0.40342867851846037 93.4108 
-297.5 1.4077238473222647e-08 90.65551727945267 0.4034129512761775 99.9309 
-292.5 1.5058265521974574e-08 96.97687632694296 0.40339722403389455 107.163 
-287.5 1.6148306109591024e-08 104.00074539100332 0.40338149679161167 115.182 
-282.5 1.735944658890147e-08 111.80481435769403 0.4033657695493288 124.075 
-277.5 1.8705174465475075e-08 120.47599361497008 0.40335004230704585 133.966 
-272.5 2.0203248782490402e-08 130.1290157594494 0.40333431506476297 144.989 
-267.5 2.18733125650902e-08 140.89037985569533 0.40331858782248003 157.277 
-262.5 2.3734450360971204e-08 152.88268153235808 0.40330286058019715 170.966 
-257.5 2.5806032433249623e-08 166.2304837192263 0.4032871333379142 186.191 
-252.5 2.8108630196987708e-08 181.06619957363918 0.40327140609563134 203.109 
-247.5 3.066702233740713e-08 197.54967129455875 0.40325567885334845 221.876 
-242.5 3.3507571557542024e-08 215.8505492428972 0.4032399516110655 242.65 
-237.5 3.6656523609502686e-08 236.13751474542653 0.40322422436878264 265.59 
-232.5 4.013982233823874e-08 258.5773005609657 0.4032084971264997 290.861 
-227.5 4.398504779047156e-08 283.34742277291053 0.4031927698842168 318.663 
-222.5 4.8223548994908016e-08 310.6498864853975 0.4031770426419339 349.205 
-217.5 5.2887651945397965e-08 340.69258548837337 0.403161315399651 382.694 
-212.5 5.801029940350547e-08 373.6873317660792 0.4031455881573681 419.34 
-207.5 6.362384974656274e-08 409.8420159315947 0.4031298609150852 459.343 
-202.5 6.97597523920718e-08 449.3586328057227 0.4031141336728023 502.874 
-197.5 7.644361328560365e-08 492.4009786425543 0.40309840643051936 550.098 
-192.5 8.370016540511716e-08 539.12792937754 0.4030826791882365 601.177 
-187.5 9.155382686801768e-08 589.6963889889877 0.40306695194595354 656.278 
-182.5 1.000288599806079e-07 644.2622649658841 0.40305122470367066 715.547 
-177.5 1.091478811323741e-07 702.9706629186588 0.4030354974613878 779.076 
-172.5 1.1892555636744344e-07 765.9147725643157 0.40301977021910484 846.938 
-167.5 1.2937488675342484e-07 833.1779561034499 0.40300404297682196 919.208 
-162.5 1.4050839297122637e-07 904.8406158982066 0.402988315734539 995.961 
-157.5 1.5233813798349267e-07 980.98019254289 0.40297258849225615 1077.25 
-152.5 1.6487527903138657e-07 1061.6681953535906 0.4029568612499732 1163.05 
-147.5 1.7811587115095547e-07 1146.8772091257733 0.4029411340076903 1253.32 
-142.5 1.92052356948139e-07 1236.5582197133988 0.40292540676540745 1348.0 
-137.5 2.066786011292776e-07 1330.671967179823 0.4029096795231245 1447.06 
-132.5 2.21988500784194e-07 1429.1791487420069 0.4028939522808416 1550.41 
-127.5 2.3796848628240117e-07 1531.9914428544039 0.4028782250385587 1657.85 
-122.5 2.5459138597944246e-07 1638.9323293702014 0.4028624977962758 1769.14 
-117.5 2.7181779002702457e-07 1749.7469024591915 0.4028467705539929 1884.05 
-112.5 2.896140028852435e-07 1864.21934655619 0.40283104331171 2002.34 
-107.5 3.0794197851593864e-07 1982.1044426266715 0.4028153160694271 2123.74 
-102.5 3.267620803864402e-07 2103.147073158745 0.4027995888271442 2247.86 
-97.5 3.460077593874808e-07 2226.9158244830733 0.4027838615848613 2374.26 
-92.5 3.656074034749251e-07 2352.9498051466744 0.40276813434257835 2502.5 
-87.5 3.854893034541906e-07 2480.7880708349853 0.4027524071002955 2632.16 
-82.5 4.0558025678663313e-07 2609.959849810156 0.4027366798580126 2762.76 
-77.5 4.258070285501259e-07 2739.994280825765 0.40272095261572965 2893.65 
-72.5 4.4607099697348886e-07 2870.254029304648 0.4027052253734468 3024.13 
-67.5 4.662774697985279e-07 3000.131030782313 0.40268949813116384 3153.53 
-62.5 4.863258785412484e-07 3128.9780417802504 0.40267377088888096 3281.14 
-57.5 5.0611851187185e-07 3256.1673457488723 0.402658043646598 3406.26 
-52.5 5.255502565071874e-07 3381.0222277961375 0.40264231640431514 3528.17 
-47.5 5.445053838382697e-07 3502.7973724903736 0.40262658916203226 3646.12 
-42.5 5.628574851632959e-07 3620.6788917902004 0.4026108619197493 3759.39 
-37.5 5.804844051282746e-07 3733.882234467289 0.40259513467746644 3867.22 
-32.5 5.972625921855994e-07 3841.6130838683034 0.4025794074351835 3968.89 
-27.5 6.130729424363676e-07 3943.106535508659 0.4025636801929006 4063.66 
-22.5 6.278083958846192e-07 4037.6760523255098 0.4025479529506177 4150.79 
-17.5 6.41365138290377e-07 4124.654735341278 0.4025322257083348 4229.56 
-12.5 6.536409135246902e-07 4203.385508504492 0.4025164984660519 4299.22 
-7.5 6.645320044980282e-07 4273.201554365553 0.402500771223769 4359.08 
-2.5 6.739421284576883e-07 4333.485067565519 0.4024850439814861 4408.66 
2.5 6.817871113208753e-07 4383.69664276454 0.40246931673920316 4447.5 
7.5 6.879905047929622e-07 4423.34589788395 0.4024535894969203 4475.14 
12.5 6.924745291526717e-07 4451.932728720789 0.40243786225463735 4491.14 
17.5 6.951613722952443e-07 4468.957124603394 0.40242213501235446 4495.11 
22.5 6.959866622124784e-07 4474.007369153298 0.4024064077700716 4486.91 
27.5 6.949311186693727e-07 4466.965631373709 0.40239068052778865 4466.47 
32.5 6.919928597200769e-07 4447.821964825855 0.40237495328550577 4433.71 
37.5 6.871643862607994e-07 4416.527400023909 0.40235922604322283 4388.57 
42.5 6.804440430300659e-07 4373.072232803181 0.40234349880093995 4331.08 
47.5 6.718392643647046e-07 4317.505743907435 0.402327771558657 4261.74 
52.5 6.614174126649162e-07 4250.269013236692 0.40231204431637413 4181.16 
57.5 6.492620791108136e-07 4171.901262152261 0.40229631707409125 4089.95 
62.5 6.354526986851485e-07 4082.912478538122 0.4022805898318083 3988.71 
67.5 6.2007308925241e-07 3983.8421213738698 0.40226486258952543 3878.11 
72.5 6.032176192359692e-07 3875.298373599079 0.4022491353472425 3759.02 
77.5 5.850256840654319e-07 3758.1832788749243 0.4022334081049596 3632.38 
82.5 5.656481040833087e-07 3633.46760321322 0.4022176808626767 3499.13 
87.5 5.452404063486712e-07 3502.1515529549715 0.4022019536203938 3360.18 
92.5 5.239522416947907e-07 3365.1962161185097 0.4021862263781109 3216.5 
97.5 5.019376114531952e-07 3223.592035716268 0.402170499135828 3069.1 
102.5 4.793431473855493e-07 3078.280516760693 0.4021547718935451 2919.01 
107.5 4.5631830602423027e-07 2930.222715532531 0.40213904465126216 2767.27 
112.5 4.3300663529233225e-07 2780.3405380187573 0.4021233174089793 2614.9 
117.5 4.095590202993296e-07 2629.604802477981 0.4021075901666964 2462.9 
122.5 3.861190413517987e-07 2478.9373478383004 0.40209186292441346 2312.1 
127.5 3.628196634304703e-07 2329.1914322674743 0.4020761356821306 2163.28 
132.5 3.397921314876369e-07 2181.2104672886844 0.40206040843984764 2017.23 
137.5 3.1716616474804675e-07 2035.8280422244936 0.40204468119756476 1874.74 
142.5 2.9507593008515177e-07 1893.9070327189297 0.4020289539552818 1736.54 
147.5 2.736407580822309e-07 1756.2122722179113 0.40201322671299894 1603.18 
152.5 2.529423218861904e-07 1623.2636906811788 0.40199749947071606 1475.15 
157.5 2.3305103164844458e-07 1495.5125234846541 0.4019817722284331 1352.94 
162.5 2.140385641800934e-07 1373.4196969518825 0.40196604498615024 1237.04 
167.5 1.9597513533165723e-07 1257.4362520874038 0.4019503177438673 1127.86 
172.5 1.789204751617402e-07 1147.9445136709717 0.4019345905015844 1025.44 
177.5 1.628877933786488e-07 1045.0231588051718 0.4019188632593015 929.761 
182.5 1.4788078374158418e-07 948.6948635036334 0.4019031360170186 840.792 
187.5 1.3390041673899286e-07 858.9655683771368 0.4018874087747357 758.499 
192.5 1.209486531482448e-07 775.8479819586812 0.4018716815324528 682.808 
197.5 1.0901971102602534e-07 699.3037757143014 0.4018559542901699 613.464 
202.5 9.807627980961007e-08 629.0889162825673 0.40184022704788697 550.169 
207.5 8.807260349402346e-08 564.9083311430525 0.4018244998056041 492.623 
212.5 7.896290701458815e-08 506.46786551608176 0.40180877256332115 440.528 
217.5 7.070126921056882e-08 453.4723560314518 0.40179304532103827 393.575 
222.5 6.324072034203848e-08 405.6197543424364 0.4017773180787554 351.416 
227.5 5.652859329319704e-08 362.5707866250149 0.40176159083647245 313.692 
232.5 5.0511052550168153e-08 323.97930158260436 0.40174586359418957 280.045 
237.5 4.513453859945026e-08 289.50109614255024 0.40173013635190663 250.117 
242.5 4.034475173220726e-08 258.7870786469732 0.40171440910962375 223.563 
247.5 3.6089765398361086e-08 231.50383938246154 0.4016986818673408 200.098 
252.5 3.232352890324711e-08 207.35617119153548 0.40168295462505793 179.45 
257.5 2.9001760526249907e-08 186.05966114930985 0.40166722738277505 161.348 
262.5 2.6080512837397058e-08 167.3318685323904 0.4016515001404921 145.52 
267.5 2.351539688019399e-08 150.88743453502929 0.40163577289820923 131.705 
272.5 2.1264552668006788e-08 136.45767891080678 0.4016200456559263 119.686 
277.5 1.9295732668118185e-08 123.83661024076726 0.4016043184136434 109.255 
282.5 1.757883794937836e-08 112.831004254009 0.4015885911713605 100.204 
287.5 1.6083961013570706e-08 103.24863619977788 0.4015728639290776 92.3277 
292.5 1.4781227467708088e-08 94.89749752618367 0.4015571366867947 85.436 
297.5 1.3642958782244127e-08 87.60000705130534 0.4015414094445118 79.4139 
302.5 1.2650454228842112e-08 81.23716004716428 0.4015256822022289 74.1648 
307.5 1.17874467484826e-08 75.70467440164663 0.40150995495994596 69.592 
312.5 1.103768799048839e-08 70.89809106567596 0.4014942277176631 65.5989 
317.5 1.0384958823393872e-08 66.71316008919062 0.4014785004753802 62.0959 
322.5 9.814145838008959e-09 63.052896239645165 0.40146277323309726 59.0222 
327.5 9.314669487987655e-09 59.84989762223434 0.4014470459908144 56.324 
332.5 8.877123232825214e-09 57.043831394072754 0.40143131874853144 53.9477 
337.5 8.492168648446018e-09 54.574669062880595 0.40141559150624856 51.8396 
342.5 8.150438415397687e-09 52.38219561427881 0.4013998642639656 49.9507 
347.5 7.843445639554754e-09 50.411986992430194 0.40138413702168274 48.2502 
352.5 7.566202024710747e-09 48.63244304745381 0.40136840977939986 46.7123 
357.5 7.314631000847709e-09 47.01746122584458 0.4013526825371169 45.311 
362.5 7.084689066138416e-09 45.541044551539464 0.40133695529483404 44.0203 
367.5 6.872347976031074e-09 44.17729944886576 0.4013212280525511 42.8167 
372.5 6.673983012705458e-09 42.90298385784222 0.4013055008102682 41.6861 
377.5 6.4878150150777974e-09 41.70690429604351 0.4012897735679853 40.6171 
382.5 6.3124929232037054e-09 40.580420734534314 0.4012740463257024 39.5981 
387.5 6.146718897166049e-09 39.51519054667149 0.4012583190834195 38.6175 
392.5 5.98918113511155e-09 38.50277532022361 0.4012425918411366 37.6655 
397.5 5.838642178555207e-09 37.53522810587021 0.4012268645988537 36.7385 
402.5 5.694134990117289e-09 36.606365832823506 0.40121113735657077 35.8348 
407.5 5.554773028647982e-09 35.71049665586851 0.4011954101142879 34.9525 
412.5 5.419686305612211e-09 34.842027696519004 0.40117968287200495 34.0897 
417.5 5.287975289428481e-09 33.995171481837865 0.40116395562972207 33.245 
422.5 5.1588742018112316e-09 33.16502325887393 0.4011482283874392 32.4177 
427.5 5.031948714681945e-09 32.3488337426229 0.40113250114515625 31.6075 
432.5 4.906876158412555e-09 31.544540690298984 0.40111677390287337 30.8141 
437.5 4.7833510636593765e-09 30.750180794648653 0.40110104666059043 30.0371 
442.5 4.661038418032311e-09 29.963596105371767 0.40108531941830755 29.2762 
447.5 4.53973696243719e-09 29.183511661311137 0.4010695921760246 28.5309 
452.5 4.419726222393085e-09 28.4117870380952 0.40105386493374173 27.8006 
457.5 4.301415553658374e-09 27.65106691648603 0.40103813769145885 27.0848 
462.5 4.18521690267002e-09 26.903996661433187 0.4010224104491759 26.383 
467.5 4.071542215864984e-09 26.173221275093262 0.40100668320689303 25.6943 
472.5 3.960683972155271e-09 25.460601018762166 0.4009909559646101 25.0172 
477.5 3.852424322793225e-09 24.764666209790736 0.4009752287223272 24.3501 
482.5 3.74644480800348e-09 24.08335796710075 0.4009595014800443 23.6911 
487.5 3.642380224679874e-09 23.414323297481527 0.4009437742377614 23.0386 
492.5 3.5398942650930137e-09 22.755405345824364 0.4009280469954785 22.3916 
497.5 3.4387558032674897e-09 22.10513388992003 0.4009123197531956 21.7529 
502.5 3.3390943826465325e-09 21.46438959482104 0.4008965925109127 21.1261 
507.5 3.2411667862340876e-09 20.83483774057426 0.40088086526862976 20.5148 
512.5 3.1452323877126868e-09 20.21814417869002 0.4008651380263469 19.9225 
517.5 3.051520693883623e-09 19.615779023277906 0.400849410784064 19.3519 
522.5 2.960260563878541e-09 19.02921190534877 0.40083368354178106 18.8016 
527.5 2.8715165889822683e-09 18.458835242117818 0.4008179562994982 18.2692 
532.5 2.7853199314153395e-09 17.904845131739744 0.40080222905721524 17.7523 
537.5 2.7017160391692586e-09 17.36753533850637 0.40078650181493236 17.2486 
542.5 2.6207357506297356e-09 16.847101613451326 0.4007707745726494 16.7562 
547.5 2.542394646907036e-09 16.343641525214174 0.40075504733036654 16.2764 
552.5 2.466633318073505e-09 15.856763007569947 0.40073932008808366 15.8108 
557.5 2.3934056684679894e-09 15.386171648568306 0.4007235928458007 15.3613 
562.5 2.322650992823541e-09 14.93147513913417 0.40070786560351784 14.9295 
567.5 2.254293328597767e-09 14.492183472015686 0.4006921383612349 14.5167 
572.5 2.1883310566165515e-09 14.068296433820272 0.400676411118952 14.1221 
577.5 2.124823910642374e-09 13.660205995733527 0.4006606838766691 13.7441 
582.5 2.0639374538613447e-09 13.268989653837998 0.4006449566343862 13.3814 
587.5 2.0057797825408585e-09 12.895333605508812 0.4006292293921033 13.0326 
592.5 1.9504875644902567e-09 12.540119537114412 0.4006135021498204 12.6967 
597.5 1.8981533148666664e-09 12.203934891902504 0.4005977749075375 12.3743 
602.5 1.8486893760353083e-09 11.886191774883347 0.40058204766525457 12.0665 
607.5 1.8019743374622852e-09 11.586105722779376 0.4005663204229717 11.7744 
612.5 1.7578413406221926e-09 11.302598374246092 0.40055059318068875 11.4992 
617.5 1.7161822892476365e-09 11.034982599726737 0.40053486593840587 11.2413 
622.5 1.6768157152074164e-09 10.78208166078789 0.400519138696123 10.9989 
627.5 1.639528664314976e-09 10.542522609237814 0.40050341145384005 10.7698 
632.5 1.6040478009516336e-09 10.314540757435594 0.40048768421155717 10.5516 
637.5 1.5701134276000341e-09 10.09646924932908 0.40047195696927423 10.342 
642.5 1.5374661705776456e-09 9.886641636163288 0.40045622972699135 10.1393 
647.5 1.5059078833084777e-09 9.683793923302371 0.4004405024847084 9.94459 
652.5 1.4755598292245166e-09 9.488748251616075 0.40042477524242553 9.75975 
657.5 1.4465994497935301e-09 9.30265097433276 0.40040904800014265 9.58656 
662.5 1.419214215202573e-09 9.126707517738684 0.4003933207578597 9.42683 
667.5 1.393590296595533e-09 8.962113397664108 0.40037759351557684 9.28166 
672.5 1.369866045722832e-09 8.809750252399157 0.4003618662732939 9.14941 
677.5 1.347995096743834e-09 8.669294965541788 0.400346139031011 9.02774 
682.5 1.327877820295531e-09 8.540100642829328 0.4003304117887281 8.91428 
687.5 1.309415011704061e-09 8.421529843554909 0.4003146845464452 8.80671 
692.5 1.2925074986790446e-09 8.31294491900264 0.4002989573041623 8.70308 
697.5 1.2770366954572957e-09 8.213580612571503 0.4002832300618794 8.60306 
702.5 1.262795487990702e-09 8.122093794502112 0.4002675028195965 8.50672 
707.5 1.249559918165074e-09 8.037043124191682 0.40025177557731356 8.41415 
712.5 1.2371042106873364e-09 7.956977403130793 0.4002360483350307 8.3254 
717.5 1.2251995711928087e-09 7.880426009192187 0.4002203210927478 8.24061 
722.5 1.2136529808073323e-09 7.806153706599004 0.40020459385046486 8.16006 
727.5 1.2023946520734075e-09 7.733728457795587 0.400188866608182 8.0841 
732.5 1.1913873198603248e-09 7.662914529952922 0.40017313936589904 8.01307 
737.5 1.180598846739206e-09 7.5935058019871615 0.40015741212361616 7.9473 
742.5 1.1699927123994354e-09 7.525267002673096 0.4001416848813332 7.8869 
747.5 1.1595576862290034e-09 7.45812964950865 0.40012595763905034 7.83093 
752.5 1.149380155499128e-09 7.392661919910692 0.40011023039676746 7.77823 
757.5 1.1395710125683095e-09 7.329579184563414 0.4000945031544845 7.72764 
762.5 1.1302431288913434e-09 7.2696066693792 0.40007877591220165 7.67798 
767.5 1.1215094083065088e-09 7.2134693555770015 0.4000630486699187 7.6283 
772.5 1.1134304876099144e-09 7.161548907209387 0.4000473214276358 7.57849 
777.5 1.105871735447731e-09 7.112953665854737 0.4000315941853529 7.52863 
782.5 1.0986435369153189e-09 7.066458389740273 0.40001586694307 7.47884 
787.5 1.0915536827255788e-09 7.020827785574769 0.4000001397007871 7.42919 
792.5 1.0844129178960516e-09 6.97484619030472 0.3999844124585042 7.37967 
797.5 1.0770544523721736e-09 6.927445107462582 0.3999686852162213 7.32969 
802.5 1.0694075558715823e-09 6.878182911266718 0.39995295797393837 7.27855 
807.5 1.0614289575038374e-09 6.826784801787889 0.3999372307316555 7.22554 
812.5 1.0530759368976988e-09 6.772976210731392 0.39992150348937255 7.16996 
817.5 1.0443057736819255e-09 6.716482849117555 0.3999057762470897 7.11139 
822.5 1.035114574430889e-09 6.6572855236259025 0.3998900490048068 7.05059 
827.5 1.0256501154397603e-09 6.596354327365125 0.39987432176252385 6.98861 
832.5 1.0161067507132232e-09 6.534943797550343 0.399858594520241 6.9265 
837.5 1.0066738000007012e-09 6.474269469873967 0.39984286727795804 6.86532 
842.5 9.975449335498734e-10 6.4155759649172 0.39982714003567515 6.8058 
847.5 9.888526916523255e-10 6.359705725235574 0.3998114127933922 6.74747 
852.5 9.80490845171013e-10 6.305943851119657 0.39979568555110934 6.68951 
857.5 9.72288282232722e-10 6.2531829849524785 0.39977995830882646 6.63114 
862.5 9.64072595624946e-10 6.2003154878925955 0.3997642310665435 6.57156 
867.5 9.556713781351792e-10 6.146233912585599 0.39974850382426064 6.51021 
872.5 9.469644895930837e-10 6.090174135411038 0.3997327765819777 6.4475 
877.5 9.380390047307577e-10 6.032723680882066 0.3997170493396948 6.38407 
882.5 9.290387342430286e-10 5.974813467665725 0.3997013220974119 6.32055 
887.5 9.201086222466053e-10 5.917374665551944 0.399685594855129 6.25759 
892.5 9.113936128581969e-10 5.861338303034174 0.3996698676128461 6.19569 
897.5 9.029983299048389e-10 5.807370544540043 0.3996541403705632 6.13485 
902.5 8.94860761668664e-10 5.755050374474691 0.3996384131282803 6.07493 
907.5 8.868764749196555e-10 5.703701638641739 0.39962268588599736 6.01578 
912.5 8.789372077691325e-10 5.652628413316156 0.3996069586437145 5.95727 
917.5 8.709376202495735e-10 5.601154456414613 0.3995912314014316 5.89934 
922.5 8.628023040416607e-10 5.548799750354045 0.39957550415914866 5.84233 
927.5 8.545879127731779e-10 5.495946167943559 0.3995597769168658 5.78665 
932.5 8.463808300114684e-10 5.443152269227143 0.39954404967458285 5.73273 
937.5 8.382725022587438e-10 5.391006112042542 0.39952832243229996 5.681 
942.5 8.303529798235999e-10 5.340085835784831 0.39951259519001703 5.6317 
947.5 8.226779337177257e-10 5.29074396545669 0.39949686794773415 5.58443 
952.5 8.151678891671374e-10 5.24245151720634 0.39948114070545127 5.53859 
957.5 8.077046166269553e-10 5.194444076762492 0.39946541346316833 5.4936 
962.5 8.001691093487233e-10 5.145957105633648 0.39944968622088545 5.44889 
967.5 7.9244534727211e-10 5.09624585242092 0.3994339589786025 5.40399 
972.5 7.844606820815453e-10 5.04485011306947 0.39941823173631963 5.35898 
977.5 7.76333059278319e-10 4.992553583315265 0.3994025044940367 5.31406 
982.5 7.682338174200202e-10 4.94046369959515 0.3993867772517538 5.26944 
987.5 7.603338703750938e-10 4.889678311281584 0.39937105000947093 5.2253 
992.5 7.528040996285019e-10 4.841295038040155 0.399355322767188 5.18181 
997.5 7.457616262789752e-10 4.796058348857628 0.3993395955249051 5.13891 
1002.5 7.391088574190175e-10 4.753312092325795 0.3993238682826222 5.09651 
1007.5 7.326927956050533e-10 4.712066476202887 0.3993081410403393 5.05449 
1012.5 7.263563556669835e-10 4.671311866906526 0.39929241379805636 5.01277 
1017.5 7.199438810118071e-10 4.630048529340318 0.3992766865557735 4.97126 
1022.5 7.13335587687492e-10 4.587512166119541 0.3992609593134906 4.93006 
1027.5 7.065603100077192e-10 4.543908127714679 0.39924523207120766 4.88925 
1032.5 6.996814484762201e-10 4.49964791227186 0.3992295048289248 4.84896 
1037.5 6.92769057026104e-10 4.455182384438968 0.39921377758664184 4.8093 
1042.5 6.858888390922225e-10 4.410933105840513 0.39919805034435896 4.7703 
1047.5 6.791064009589809e-10 4.367321611599351 0.399182323102076 4.73179 
1052.5 6.724739088142266e-10 4.324681299290903 0.39916659585979314 4.69353 
1057.5 6.660402507063417e-10 4.2833259295031025 0.39915086861751026 4.65527 
1062.5 6.598572366048682e-10 4.243588768493544 0.3991351413752273 4.61678 
1067.5 6.539707678700644e-10 4.205763777167702 0.39911941413294444 4.57795 
1072.5 6.484057095113917e-10 4.170007473286649 0.3991036868906615 4.53928 
1077.5 6.430789523970963e-10 4.135771177945798 0.3990879596483786 4.50142 
1082.5 6.378781755915817e-10 4.102329617853748 0.3990722324060957 4.46501 
1087.5 6.326919686006311e-10 4.068967205740273 0.3990565051638128 4.43068 
1092.5 6.274059666253864e-10 4.034948961025729 0.3990407779215299 4.39878 
1097.5 6.219490470778222e-10 3.99982432035416 0.399025050679247 4.36849 
1102.5 6.164018542411602e-10 3.9641319951831853 0.3990093234369641 4.33869 
1107.5 6.108886234200112e-10 3.9286755784428173 0.39899359619468117 4.30825 
1112.5 6.0553595761707e-10 3.8942686277442315 0.3989778689523983 4.27606 
1117.5 6.004675055303898e-10 3.8617049821138307 0.3989621417101154 4.24138 
1122.5 5.957710108335719e-10 3.8315430380771054 0.39894641446783247 4.20503 
1127.5 5.913900789666914e-10 3.8034009023278093 0.3989306872255496 4.16821 
1132.5 5.872263796099089e-10 3.776641606546153 0.39891495998326665 4.13212 
1137.5 5.831777537847206e-10 3.7506084129316073 0.39889923274098377 4.09797 
1142.5 5.791464577778441e-10 3.724673999574014 0.39888350549870083 4.06665 
1147.5 5.750527651551876e-10 3.698328814580429 0.39886777825641795 4.0378 
1152.5 5.70908432072228e-10 3.671660738472627 0.39885205101413507 4.01074 
1157.5 5.667421235174842e-10 3.6448558841605094 0.39883632377185213 3.98479 
1162.5 5.625873083464837e-10 3.618129843135697 0.39882059652956925 3.9593 
1167.5 5.584760592211392e-10 3.5916884312969994 0.3988048692872863 3.93372 
1172.5 5.544344430436331e-10 3.565698236543359 0.39878914204500343 3.90807 
1177.5 5.504645036772272e-10 3.5401691428600595 0.3987734148027205 3.88255 
1182.5 5.465632868172795e-10 3.5150815775350446 0.3987576875604376 3.8573 
1187.5 5.427262476646397e-10 3.4904061504946573 0.39874196031815473 3.8325 
1192.5 5.389503023807367e-10 3.4661232565636184 0.3987262330758718 3.80823 
1197.5 5.352338928545438e-10 3.442223095145758 0.3987105058335889 3.78419 
1202.5 5.315799733907029e-10 3.4187252510493327 0.398694778591306 3.75996 
1207.5 5.279945821324263e-10 3.395668906522543 0.3986790513490231 3.73516 
1212.5 5.244883020220773e-10 3.373122588521383 0.39866332410674016 3.70938 
1217.5 5.210628530880943e-10 3.351096033464779 0.3986475968644573 3.68242 
1222.5 5.177152810258354e-10 3.3295694060712404 0.3986318696221744 3.65487 
1227.5 5.143857873058567e-10 3.3081507134496215 0.39861614237989146 3.62752 
1232.5 5.110013960738903e-10 3.2863694612831678 0.3986004151376086 3.60115 
1237.5 5.074903657518716e-10 3.2637649122564367 0.39858468789532564 3.57656 
1242.5 5.037794938011561e-10 3.239866671718748 0.39856896065304276 3.55435 
1247.5 4.99820932148671e-10 3.2143711320472406 0.3985532334107598 3.53443 
1252.5 4.956734106689434e-10 3.1876700987628297 0.39853750616847694 3.51653 
1257.5 4.914233453127992e-10 3.1603221886252983 0.39852177892619406 3.50039 
1262.5 4.871547158621401e-10 3.1328665769575075 0.3985060516839111 3.48573 
1267.5 4.829544240200263e-10 3.105861966830578 0.39849032444162824 3.4722 
1272.5 4.788930094718018e-10 3.0797591621398186 0.3984745971993453 3.45907 
1277.5 4.749719618576533e-10 3.054558432897998 0.3984588699570624 3.44553 
1282.5 4.711793344250849e-10 3.030181467590488 0.39844314271477954 3.43076 
1287.5 4.674969479774945e-10 3.006510708886291 0.3984274154724966 3.41394 
1292.5 4.6391097381653616e-10 2.9834579350509545 0.3984116882302137 3.39457 
1297.5 4.6040917373837313e-10 2.960944724100503 0.3983959609879308 3.37343 
1302.5 4.5698232861077497e-10 2.9389122497023665 0.3983802337456479 3.35163 
1307.5 4.5362576410066186e-10 2.9173310651252296 0.39836450650336497 3.33024 
1312.5 4.5033340968133883e-10 2.8961619471139515 0.3983487792610821 3.31037 
1317.5 4.471006557866906e-10 2.875375451806553 0.3983330520187992 3.29278 
1322.5 4.439199385459604e-10 2.85492254503209 0.39831732477651627 3.2769 
1327.5 4.407806426333027e-10 2.8347345902931886 0.3983015975342334 3.26181 
1332.5 4.376676079237214e-10 2.8147135773677365 0.39828587029195045 3.2466 
1337.5 4.3457005717395945e-10 2.794790854243065 0.39827014304966757 3.23036 
1342.5 4.3147283025902065e-10 2.774868438433881 0.39825441580738463 3.2125 
1347.5 4.28369629967834e-10 2.754907124868283 0.39823868856510175 3.19369 
1352.5 4.2526331345459404e-10 2.7349265196447647 0.39822296132281887 3.17491 
1357.5 4.221658922387614e-10 2.7150050218813977 0.39820723408053593 3.15715 
1362.5 4.1908807879662837e-10 2.695211292444138 0.39819150683825305 3.14141 
1367.5 4.160405532210053e-10 2.6756140500348407 0.3981757795959701 3.12829 
1372.5 4.1304295566907397e-10 2.656340885461859 0.39816005235368723 3.11695 
1377.5 4.1015394754452194e-10 2.6377740383636827 0.3981443251114043 3.10618 
1382.5 4.074419922859491e-10 2.6203546115903285 0.3981285978691214 3.09477 
1387.5 4.0497724097691094e-10 2.6045334939738902 0.39811287062683853 3.08151 
1392.5 4.0282689039632177e-10 2.5907418372786166 0.3980971433845556 3.06557 
1397.5 4.0102969901895316e-10 2.5792243658859246 0.3980814161422727 3.04764 
1402.5 3.9950583585251633e-10 2.569452021080367 0.3980656888999898 3.02882 
1407.5 3.9814304472837907e-10 2.5606994991381917 0.3980499616577069 3.01018 
1412.5 3.9682543512013893e-10 2.552221758142626 0.39803423441542396 2.99281 
1417.5 3.954385450784908e-10 2.5432835852849287 0.3980185071731411 2.97745 
1422.5 3.9388586516635544e-10 2.5332674648654194 0.3980027799308582 2.96341 
1427.5 3.92136981687169e-10 2.521986854637646 0.39798705268857526 2.94968 
1432.5 3.9017933260227133e-10 2.50936316560669 0.3979713254462924 2.93522 
1437.5 3.8800071209130813e-10 2.495317947316702 0.39795559820400944 2.91901 
1442.5 3.8558891433392484e-10 2.4797728862636474 0.39793987096172656 2.90037 
1447.5 3.829481602944489e-10 2.462757629842538 0.3979241437194436 2.87998 
1452.5 3.8015769435861214e-10 2.4447915503213937 0.39790841647716074 2.85887 
1457.5 3.773148068709447e-10 2.4265019678348745 0.39789268923487786 2.83806 
1462.5 3.74514157706158e-10 2.408496695163132 0.3978769619925949 2.81859 
1467.5 3.718548220041849e-10 2.391412786448536 0.39786123475031204 2.80115 
1472.5 3.6940610517416566e-10 2.375691167666292 0.3978455075080291 2.78513 
1477.5 3.671395975915651e-10 2.3611360782281343 0.3978297802657462 2.76962 
1482.5 3.649934244801956e-10 2.3473458033242802 0.3978140530234633 2.75367 
1487.5 3.629095110429266e-10 2.3339478386703316 0.3977983257811804 2.73635 
1492.5 3.6082838628901253e-10 2.3205598975009365 0.3977825985388975 2.71706 
1497.5 3.586965202204735e-10 2.3068389728779217 0.3977668712966146 2.69646 
1502.5 3.565053126951181e-10 2.2927358523163126 0.3977511440543317 2.67555 
1507.5 3.542501217633489e-10 2.278221063390754 0.39773541681204877 2.65533 
1512.5 3.5193085027471884e-10 2.263294544164829 0.3977196895697659 2.63679 
1517.5 3.4954301819704206e-10 2.2479269029828974 0.397703962327483 2.62061 
1522.5 3.4708802172393364e-10 2.232127914232151 0.39768823508520007 2.60622 
1527.5 3.4456589323887576e-10 2.21589759623115 0.3976725078429172 2.59274 
1532.5 3.4198111277405433e-10 2.1992653487506755 0.39765678060063425 2.57926 
1537.5 3.393382575121024e-10 2.182260586771437 0.39764105335835137 2.56492 
1542.5 3.36637424603467e-10 2.164883392043759 0.39762532611606843 2.54909 
1547.5 3.3388757411251976e-10 2.1471926411117104 0.39760959887378555 2.5323 
1552.5 3.311142871892084e-10 2.1293549701269905 0.39759387163150267 2.51535 
1557.5 3.2834947457803423e-10 2.1115762362593675 0.39757814438921973 2.49903 
1562.5 3.256236832133655e-10 2.094052530979933 0.39756241714693685 2.48416 
1567.5 3.2296892099015015e-10 2.076989706140058 0.3975466899046539 2.47132 
1572.5 3.204097614665089e-10 2.060544596948849 0.39753096266237103 2.46031 
1577.5 3.179512028103449e-10 2.044746693909629 0.3975152354200881 2.45071 
1582.5 3.155903554839809e-10 2.0295764654130872 0.3974995081778052 2.44211 
1587.5 3.1332715472045254e-10 2.01503391691596 0.39748378093552234 2.4341 
1592.5 3.1115712048757363e-10 2.0010896979570063 0.3974680536932394 2.42629 
1597.5 3.0908314232302137e-10 1.9877634158118476 0.3974523264509565 2.4184 
1602.5 3.0711275171407016e-10 1.9751040834735496 0.3974365992086736 2.41018 
1607.5 3.052595506746895e-10 1.9631998799569743 0.3974208719663907 2.40136 
1612.5 3.035327907205922e-10 1.952109621030922 0.39740514472410776 2.39168 
1617.5 3.0194759959329203e-10 1.9419311983196141 0.3973894174818249 2.38097 
1622.5 3.005028077835502e-10 1.9326546482370055 0.397373690239542 2.36933 
1627.5 2.9914462252165314e-10 1.9239272058914316 0.39735796299725906 2.35692 
1632.5 2.9781065089569586e-10 1.9153469740928348 0.3973422357549762 2.34391 
1637.5 2.96433858044176e-10 1.906482666519667 0.39732650851269324 2.33049 
1642.5 2.9495009864326816e-10 1.8969226875470495 0.39731078127041036 2.3169 
1647.5 2.933176922970411e-10 1.886402643155694 0.3972950540281274 2.30371 
1652.5 2.9159997844613736e-10 1.8753437291079729 0.39727932678584454 2.29156 
1657.5 2.898804835037059e-10 1.8642849960101457 0.39726359954356166 2.28111 
1662.5 2.8824909586093125e-10 1.8538047467818508 0.3972478723012787 2.27299 
1667.5 2.8679434009886555e-10 1.8444713879694543 0.39723214505899584 2.26755 
1672.5 2.8557484153383877e-10 1.8366571681762165 0.3972164178167129 2.26391 
1677.5 2.845440437281958e-10 1.8300486911072606 0.39720069057443 2.26088 
1682.5 2.836232565192794e-10 1.8241363659364052 0.39718496333214715 2.25726 
1687.5 2.8273164873072353e-10 1.8184006665433974 0.3971692360898642 2.25187 
1692.5 2.817913434908042e-10 1.8123416771338277 0.3971535088475813 2.2439 
1697.5 2.807379687913195e-10 1.8055477800225583 0.3971377816052984 2.23397 
1702.5 2.795641911497641e-10 1.797979559795464 0.3971220543630155 2.22309 
1707.5 2.7828182778470437e-10 1.7897152926883382 0.39710632712073257 2.21229 
1712.5 2.76898604484309e-10 1.7808039975774634 0.3970905998784497 2.20255 
1717.5 2.7542513657442336e-10 1.771314327705642 0.3970748726361668 2.19465 
1722.5 2.738780775241055e-10 1.761354195698315 0.39705914539388387 2.18834 
1727.5 2.7229810384133453e-10 1.751188226434198 0.397043418151601 2.18317 
1732.5 2.707308902019926e-10 1.741110493294334 0.39702769090931805 2.17864 
1737.5 2.6922370177647083e-10 1.731424856970697 0.3970119636670352 2.17428 
1742.5 2.6782532946270465e-10 1.7224448391969458 0.39699623642475224 2.16962 
1747.5 2.665562230049341e-10 1.714297647123787 0.39698050918246935 2.16426 
1752.5 2.653496029056404e-10 1.7065423660501216 0.3969647819401865 2.15782 
1757.5 2.6410843788815207e-10 1.6985517564962447 0.39694905469790354 2.14989 
1762.5 2.6273508138963357e-10 1.68969849238707 0.39693332745562065 2.14009 
1767.5 2.6113636687943545e-10 1.6793847674321287 0.3969176002133377 2.12821 
1772.5 2.592490918585947e-10 1.6672090401189708 0.39690187297105484 2.11478 
1777.5 2.571465958074351e-10 1.6536610684047028 0.3968861457287719 2.1005 
1782.5 2.549395120165974e-10 1.6394562703587297 0.396870418486489 2.0861 
1787.5 2.527377252527539e-10 1.6253004467310717 0.39685469124420614 2.07229 
1792.5 2.5065407458721864e-10 1.611918883347873 0.3968389640019232 2.05961 
1797.5 2.4877309032109236e-10 1.5998505231101037 0.3968232367596403 2.04805 
1802.5 2.4707415338497324e-10 1.5889486955533918 0.3968075095173574 2.03742 
1807.5 2.455134710488289e-10 1.5789292743606234 0.3967917822750745 2.02752 
1812.5 2.440393304935647e-10 1.569459058941562 0.39677605503279156 2.01818 
1817.5 2.42607323702984e-10 1.560253783335785 0.3967603277905087 2.00917 
1822.5 2.411776846104881e-10 1.5510586846340233 0.3967446005482258 2.0001 
1827.5 2.3975255793366044e-10 1.5418932241262977 0.39672887330594286 1.99056 
1832.5 2.383454485360235e-10 1.5328455385738962 0.39671314606366 1.98011 
1837.5 2.369715813095381e-10 1.5240135908937564 0.39669741882137705 1.96834 
1842.5 2.3564024015339926e-10 1.5154561666178015 0.39668169157909416 1.955 
1847.5 2.343590860888109e-10 1.5072221362311797 0.3966659643368112 1.94062 
1852.5 2.330984141519449e-10 1.4991155324630858 0.39665023709452835 1.92589 
1857.5 2.3181725638348135e-10 1.4908717490193688 0.39663450985224546 1.91151 
1862.5 2.3048039151597202e-10 1.4822653044407839 0.39661878260996253 1.8982 
1867.5 2.2904526109558796e-10 1.4730218771297425 0.39660305536767965 1.8865 
1872.5 2.274915449120183e-10 1.4630142357882283 0.3965873281253967 1.87638 
1877.5 2.2587556905434816e-10 1.4526146608288586 0.39657160088311383 1.86768 
1882.5 2.2426725792175696e-10 1.4422740246719574 0.3965558736408309 1.86021 
1887.5 2.2274127501346864e-10 1.432472630460607 0.396540146398548 1.85381 
1892.5 2.2137238097915417e-10 1.423690681065039 0.39652441915626513 1.84823 
1897.5 2.2020845627536886e-10 1.41623185472816 0.3965086919139822 1.84299 
1902.5 2.192086911563292e-10 1.4098219138164854 0.3964929646716993 1.83754 
1907.5 2.1830049836955506e-10 1.403990494650321 0.3964772374294164 1.83134 
1912.5 2.1741362968104377e-10 1.3982866904383648 0.3964615101871335 1.82384 
1917.5 2.1648088831188122e-10 1.3922792270874111 0.3964457829448506 1.81469 
1922.5 2.15445595658552e-10 1.3856056051246088 0.3964300557025677 1.80435 
1927.5 2.1432895369313972e-10 1.378412595965674 0.3964143284602848 1.79344 
1932.5 2.1316579508130488e-10 1.3709255671445615 0.39639860121800186 1.78262 
1937.5 2.119941982446904e-10 1.363389552168636 0.396382873975719 1.77253 
1942.5 2.1085230637190397e-10 1.3560495753016262 0.39636714673343604 1.76365 
1947.5 2.0976780924311925e-10 1.3490820564838084 0.39635141949115316 1.75583 
1952.5 2.0874726313726603e-10 1.3425262502534852 0.3963356922488703 1.74877 
1957.5 2.0778183752390177e-10 1.3363234236850308 0.39631996500658734 1.74214 
1962.5 2.068683514140085e-10 1.330453925654632 0.39630423776430446 1.73564 
1967.5 2.0600076666437366e-10 1.3248784747668623 0.3962885105220215 1.72901 
1972.5 2.0516551364451012e-10 1.3195087045079226 0.39627278327973864 1.72213 
1977.5 2.0431152720496964e-10 1.3140113935136912 0.3962570560374557 1.71497 
1982.5 2.0337797254487394e-10 1.3079944624903064 0.3962413287951728 1.70746 
1987.5 2.023038205624509e-10 1.3010658279651188 0.39622560155288994 1.69955 
1992.5 2.0102804215592817e-10 1.2928335607691088 0.396209874310607 1.69127 
1997.5 1.9951947510477335e-10 1.2831019230317255 0.3961941470683241 1.68298 
2002.5 1.978610990068108e-10 1.2724195709617057 0.3961784198260412 1.67511 
2007.5 1.961667281416993e-10 1.2615215766727195 0.3961626925837583 1.6681 
2012.5 1.9455079207526163e-10 1.2511431342834516 0.39614696534147537 1.6624 
2017.5 1.9313070706144474e-10 1.2420388569834453 0.3961312380991925 1.65826 
2022.5 1.919836338314865e-10 1.2346985674405295 0.3961155108569096 1.65517 
2027.5 1.910484711088999e-10 1.2287109568010472 0.39609978361462667 1.65247 
2032.5 1.9022081804715068e-10 1.2233998892867695 0.3960840563723438 1.64946 
2037.5 1.8939987947786772e-10 1.2181184173487225 0.39606832913006085 1.64548 
2042.5 1.8848197069500296e-10 1.2122001370999955 0.39605260188777797 1.64003 
2047.5 1.8739619579490723e-10 1.2051944143456583 0.39603687464549503 1.63347 
2052.5 1.8619333217956306e-10 1.1974439731066338 0.39602114740321215 1.62636 
2057.5 1.8495515385019868e-10 1.1894779881391675 0.39600542016092927 1.61925 
2062.5 1.8376703678233054e-10 1.1818453536969453 0.39598969291864633 1.6127 
2067.5 1.8271292837437772e-10 1.175085093517216 0.39597396567636345 1.60711 
2072.5 1.818528501362853e-10 1.1695792650243635 0.3959582384340805 1.60231 
2077.5 1.8114625139012842e-10 1.1650536963116345 0.39594251119179763 1.59795 
2082.5 1.8052502491561288e-10 1.1610674253175435 0.39592678394951475 1.59372 
2087.5 1.7991901962918296e-10 1.1571695915228695 0.3959110567072318 1.58929 
2092.5 1.7926253209598663e-10 1.1529387797591408 0.39589532946494893 1.58446 
2097.5 1.7850787616036246e-10 1.1480713632453543 0.395879602222666 1.57952 
2102.5 1.777018349443419e-10 1.1428807390932685 0.3958638749803831 1.57492 
2107.5 1.7691115185808644e-10 1.1377981185447081 0.3958481477381002 1.57109 
2112.5 1.7620743894573145e-10 1.1332841700603575 0.3958324204958173 1.56846 
2117.5 1.756609120577973e-10 1.129789683148762 0.3958166932535344 1.56723 
2122.5 1.7531786115633028e-10 1.1276084892971816 0.3958009660112515 1.56664 
2127.5 1.7512848404769272e-10 1.1264075727699194 0.3957852387689686 1.56569 
2132.5 1.7501850583444857e-10 1.1257067255225075 0.39576951152668566 1.56339 
2137.5 1.749131658669269e-10 1.1250256301877628 0.3957537842844028 1.55875 
2142.5 1.7473770349545677e-10 1.123884039608382 0.39573805704211984 1.55114 
2147.5 1.74435278199111e-10 1.1219194579201077 0.39572232979983696 1.54145 
2152.5 1.7403455867028322e-10 1.1193276576399829 0.3957066025575541 1.53095 
2157.5 1.7358397958860338e-10 1.1164221902740543 0.39569087531527114 1.5209 
2162.5 1.7313087089142716e-10 1.1135069200137517 0.39567514807298826 1.51258 
2167.5 1.7272551682075203e-10 1.1109052438347056 0.3956594208307053 1.50695 
2172.5 1.7240183960085826e-10 1.1088327140900909 0.39564369358842244 1.50382 
2177.5 1.7214561822773713e-10 1.1071914253014143 0.3956279663461395 1.50269 
2182.5 1.7192068860907782e-10 1.1057462404304979 0.3956122391038566 1.50307 
2187.5 1.7169790000412703e-10 1.1043108764642515 0.39559651186157374 1.50447 
2192.5 1.7144079686923295e-10 1.1026501444664056 0.3955807846192908 1.5064 
2197.5 1.7112769518395212e-10 1.1006268197175335 0.3955650573770079 1.50836 
2202.5 1.7075814157953204e-10 1.0982408465830906 0.395549330134725 1.50986 
2207.5 1.703440828084685e-10 1.095570580695536 0.3955336028924421 1.51042 
2212.5 1.6989623134705402e-10 1.092684642416786 0.39551787565015917 1.50953 
2217.5 1.6942377394403667e-10 1.0896418915483472 0.3955021484078763 1.50688 
2222.5 1.6894183834093035e-10 1.0865403733829608 0.3954864211655934 1.50275 
2227.5 1.6847016184536387e-10 1.0835075440674933 0.39547069392331047 1.49761 
2232.5 1.6803455229166125e-10 1.0807100404489978 0.3954549666810276 1.49193 
2237.5 1.6766244039213762e-10 1.0783242785265037 0.39543923943874465 1.48615 
2242.5 1.673753158663425e-10 1.0764874572287813 0.39542351219646177 1.48069 
2247.5 1.6718856552364822e-10 1.0752974189198856 0.39540778495417883 1.47577 
2252.5 1.6706069956514263e-10 1.0744798480921798 0.39539205771189595 1.47154 
2257.5 1.6694003755521325e-10 1.0737014984163138 0.39537633046961307 1.46816 
2262.5 1.6677470475735373e-10 1.0726290773822857 0.39536060322733013 1.4658 
2267.5 1.6651133309099575e-10 1.0709195718026168 0.39534487598504725 1.46457 
2272.5 1.6611145553270843e-10 1.0683280920246285 0.3953291487427643 1.46441 
2277.5 1.6560711606479724e-10 1.0650700679711886 0.39531342150048143 1.46523 
2282.5 1.6504233410167076e-10 1.0614297166037567 0.3952976942581985 1.46693 
2287.5 1.6446732911836177e-10 1.0577304763426856 0.3952819670159156 1.46941 
2292.5 1.6392647674758444e-10 1.054256608555761 0.39526623977363273 1.47241 
2297.5 1.6345804971187564e-10 1.0512530463363794 0.3952505125313498 1.47499 
2302.5 1.6304941750173564e-10 1.048631730916452 0.3952347852890669 1.47609 
2307.5 1.6267490181676987e-10 1.046226112636119 0.395219058046784 1.47462 
2312.5 1.6231304532091103e-10 1.043898939339656 0.3952033308045011 1.46949 
2317.5 1.61936514452291e-10 1.04147382866924 0.3951876035622182 1.46013 
2322.5 1.6152979286760808e-10 1.038852766225328 0.3951718763199353 1.44801 
2327.5 1.6109405007610104e-10 1.0360455112766762 0.3951561490776524 1.43511 
2332.5 1.606397718696861e-10 1.0331206385391847 0.39514042183536946 1.42342 
2337.5 1.6018062502929732e-10 1.0301663278374114 0.3951246945930866 1.41491 
2342.5 1.5972436772658554e-10 1.027231598295007 0.39510896735080364 1.411 
2347.5 1.5927862859927227e-10 1.0243654042807122 0.39509324010852076 1.41076 
2352.5 1.5883311615633527e-10 1.0214991860983258 0.3950775128662379 1.41272 
2357.5 1.5837565696090242e-10 1.0185545302735215 0.39506178562395494 1.41537 
2362.5 1.5788956516043335e-10 1.0154236570514013 0.39504605838167206 1.41724 
2367.5 1.5736403112818861e-10 1.0120379660704677 0.3950303311393891 1.41717 
2372.5 1.5678986811542004e-10 1.0083387678112032 0.39501460389710624 1.4154 
2377.5 1.5619226867028743e-10 1.004492625355123 0.3949988766548233 1.41247 
2382.5 1.5560463688135378e-10 1.000715166385094 0.3949831494125404 1.40897 
2387.5 1.5505904541053193e-10 0.9972122645311875 0.39496742217025754 1.40545 
2392.5 1.5458902788031416e-10 0.9941995454238263 0.3949516949279746 1.40234 
2397.5 1.5421769688824135e-10 0.9918240203227007 0.3949359676856917 1.3995 
2402.5 1.539455381865484e-10 0.9900857374366863 0.3949202404434088 1.39663 
2407.5 1.5375612499055342e-10 0.9888769711193206 0.3949045132011259 1.39346 
2412.5 1.53643127705703e-10 0.9881584405409775 0.39488878595884297 1.38968 
2417.5 1.5359148335744797e-10 0.9878321131130862 0.3948730587165601 1.38518 
2422.5 1.5358593467034536e-10 0.9877998816720363 0.3948573314742772 1.38039 
2427.5 1.5359629092833227e-10 0.9878656976738267 0.39484160423199427 1.37594 
2432.5 1.5358755754833665e-10 0.9878040910542367 0.3948258769897114 1.37243 
2437.5 1.535231494527775e-10 0.9873797990324689 0.39481014974742845 1.37047 
2442.5 1.5336644918059154e-10 0.9863576302918138 0.39479442250514557 1.37046 
2447.5 1.5309577271133527e-10 0.9846004795380771 0.39477869526286263 1.37197 
2452.5 1.5274352024561967e-10 0.9823238464785466 0.39476296802057975 1.37438 
2457.5 1.5235311386022865e-10 0.9798080482427471 0.39474724077829687 1.37704 
2462.5 1.5197222139189654e-10 0.9773598935773546 0.39473151353601393 1.37934 
2467.5 1.5164620876226102e-10 0.9752705103042624 0.39471578629373105 1.38075 
2472.5 1.5141262469026559e-10 0.9737800003664873 0.3947000590514481 1.3812 
2477.5 1.5127360658088294e-10 0.9728973164758521 0.39468433180916523 1.38076 
2482.5 1.5122276219978071e-10 0.9725803674999617 0.39466860456688235 1.37948 
2487.5 1.512527842464873e-10 0.972782107646766 0.3946528773245994 1.37742 
2492.5 1.5135709590082113e-10 0.9734603422514038 0.39463715008231653 1.37469 
2497.5 1.5152435783334333e-10 0.9745414864297025 0.3946214228400336 1.3717 
2502.5 1.5172744697482076e-10 0.9758491049902022 0.3946056955977507 1.3689 
2507.5 1.5193486820048863e-10 0.9771802714760239 0.3945899683554678 1.36678 
2512.5 1.5211503895017987e-10 0.9783320427092514 0.3945742411131849 1.36578 
2517.5 1.5223607799491484e-10 0.9790995423280879 0.394558513870902 1.36621 
2522.5 1.5227162300204703e-10 0.979314189078301 0.3945427866286191 1.36764 
2527.5 1.522160396058697e-10 0.9789425742358073 0.3945270593863362 1.36949 
2532.5 1.520690683681367e-10 0.9779836839815589 0.39451133214405326 1.37117 
2537.5 1.518307060504999e-10 0.9764375357699933 0.3944956049017704 1.37207 
2542.5 1.5150095265295924e-10 0.9743042178087209 0.39447987765948744 1.3718 
2547.5 1.5108996291513616e-10 0.9716505353902635 0.39446415041720456 1.37065 
2552.5 1.506484320740055e-10 0.9688077503146029 0.3944484231749217 1.3691 
2557.5 1.5023838312899855e-10 0.9661757945024031 0.39443269593263874 1.36764 
2562.5 1.4992176709511063e-10 0.9641526735979905 0.39441696869035586 1.36675 
2567.5 1.497605285106404e-10 0.9631363066276595 0.3944012414480729 1.36672 
2572.5 1.497992891227678e-10 0.9634108065068407 0.39438551420579004 1.36708 
2577.5 1.5001180919055205e-10 0.9647979759027878 0.3943697869635071 1.36719 
2582.5 1.5035329635038026e-10 0.9670077424952356 0.3943540597212242 1.36639 
2587.5 1.5077784239491004e-10 0.9697450299690358 0.39433833247894134 1.36401 
2592.5 1.5123997092827633e-10 0.972717670822629 0.3943226052366584 1.35969 
2597.5 1.516957086137209e-10 0.9756432914572243 0.3943068779943755 1.35411 
2602.5 1.521054451957475e-10 0.978267923833835 0.3942911507520926 1.34825 
2607.5 1.5243145634383297e-10 0.9803493716170757 0.3942754235098097 1.34309 
2612.5 1.5263560858441448e-10 0.9816425330154581 0.39425969626752677 1.33961 
2617.5 1.526802067321029e-10 0.9819053162071901 0.3942439690252439 1.33847 
2622.5 1.525393627346436e-10 0.9809731376880639 0.394228241782961 1.33923 
2627.5 1.5223299136318275e-10 0.9789801642150375 0.39421251454067807 1.34112 
2632.5 1.5179483784401024e-10 0.9761449345398779 0.3941967872983952 1.34339 
2637.5 1.5125817922933318e-10 0.9726811735795241 0.39418106005611225 1.34529 
2642.5 1.5065687371724215e-10 0.9688065484985522 0.39416533281382937 1.3462 
2647.5 1.5002509112803312e-10 0.9647407075939151 0.39414960557154644 1.34607 
2652.5 1.4940148779088445e-10 0.9607326773142244 0.39413387832926355 1.34499 
2657.5 1.488251158542339e-10 0.9570334466111096 0.3941181510869807 1.34304 
2662.5 1.483356312808405e-10 0.9538978923823057 0.39410242384469774 1.34033 
2667.5 1.479724043180437e-10 0.9515788307559313 0.39408669660241485 1.33698 
2672.5 1.4775672927333667e-10 0.9502103707810978 0.3940709693601319 1.33326 
2677.5 1.4763887343994463e-10 0.9494633314239408 0.39405524211784904 1.32951 
2682.5 1.4754935357482275e-10 0.9488888383570421 0.3940395148755661 1.32605 
2687.5 1.4741814202203572e-10 0.9480369615796723 0.3940237876332832 1.3232 
2692.5 1.4717565589051849e-10 0.9464607917291377 0.39400806039100034 1.32122 
2697.5 1.4677203414586898e-10 0.9438429167041461 0.3939923331487174 1.32009 
2702.5 1.4623833446059248e-10 0.9403938534774212 0.3939766059064345 1.31972 
2707.5 1.4562752012172822e-10 0.936456581108448 0.3939608786641516 1.32002 
2712.5 1.4499299159332697e-10 0.9323741891755319 0.3939451514218687 1.3209 
2717.5 1.4438800000503312e-10 0.9284887733502274 0.3939294241795858 1.32228 
2722.5 1.4385668384936489e-10 0.9250825989520974 0.3939136969373029 1.32405 
2727.5 1.4340684515329824e-10 0.9222009032342438 0.39389796969502 1.32612 
2732.5 1.4303549685832178e-10 0.9198231982512665 0.39388224245273706 1.32838 
2737.5 1.4274033094302957e-10 0.9179348139671757 0.3938665152104542 1.33073 
2742.5 1.4251861081288662e-10 0.91651813853507 0.39385078796817125 1.33303 
2747.5 1.4236968083999994e-10 0.9155692859959511 0.39383506072588836 1.33495 
2752.5 1.423021894665361e-10 0.9151450865666688 0.3938193334836055 1.33614 
2757.5 1.423270765939388e-10 0.9153160978456647 0.39380360624132255 1.33622 
2762.5 1.424551781261209e-10 0.9161518887451159 0.39378787899903966 1.33484 
2767.5 1.4269762539745933e-10 0.9177239188814469 0.3937721517567567 1.33178 
2772.5 1.4305346013212545e-10 0.920024185512444 0.39375642451447385 1.32749 
2777.5 1.4347382407250663e-10 0.9227322396654696 0.3937406972721909 1.32259 
2782.5 1.4389687917540825e-10 0.9254491481690446 0.39372497002990803 1.31767 
2787.5 1.4426067766418333e-10 0.9277769204244748 0.39370924278762515 1.31336 
2792.5 1.4450327500053304e-10 0.9293176683989908 0.3936935155453422 1.3101 
2797.5 1.445837827974326e-10 0.9298118319798115 0.39367778830305933 1.30783 
2802.5 1.445474872241156e-10 0.9295620570443182 0.3936620610607764 1.30629 
2807.5 1.4446214140975648e-10 0.9290063991891099 0.3936463338184935 1.30527 
2812.5 1.4439639337880415e-10 0.9285859453162221 0.3936306065762106 1.30453 
2817.5 1.4441890087075242e-10 0.9287416970535691 0.3936148793339277 1.30387 
2822.5 1.4457651880179002e-10 0.9297714385709279 0.3935991520916448 1.30325 
2827.5 1.4482976200569988e-10 0.9314097650632457 0.3935834248493619 1.30267 
2832.5 1.451150324395079e-10 0.933245091073054 0.393567697607079 1.30213 
2837.5 1.4536884688397802e-10 0.9348696416779254 0.39355197036479606 1.30163 
2842.5 1.455277350732672e-10 0.9358757012226195 0.3935362431225132 1.3011 
2847.5 1.455445041918079e-10 0.9359624870726524 0.39352051588023024 1.30035 
2852.5 1.4544100823084112e-10 0.9352797606352532 0.39350478863794736 1.29909 
2857.5 1.452568682720703e-10 0.9340842442440901 0.3934890613956645 1.29708 
2862.5 1.4503235704596867e-10 0.9326347070158366 0.39347333415338154 1.29405 
2867.5 1.4480760442529964e-10 0.9311889203272028 0.39345760691109866 1.28987 
2872.5 1.4461407564891896e-10 0.9299477637842932 0.3934418796688157 1.28498 
2877.5 1.444478052116221e-10 0.9288809685983545 0.39342615242653284 1.27995 
2882.5 1.4429525262805604e-10 0.9279003772776765 0.39341042518424996 1.27535 
2887.5 1.4414253701591582e-10 0.9269168076401798 0.393394697941967 1.27176 
2892.5 1.439759235889545e-10 0.9258420694114814 0.39337897069968414 1.26961 
2897.5 1.437870568378964e-10 0.924623279994826 0.3933632434574012 1.26884 
2902.5 1.435883059820577e-10 0.9233427177569934 0.3933475162151183 1.26923 
2907.5 1.4339756450262126e-10 0.9221160168487701 0.3933317889728354 1.27058 
2912.5 1.4323298531901607e-10 0.9210598080061042 0.3933160617305525 1.27269 
2917.5 1.4311287392342554e-10 0.9202916696258696 0.3933003344882696 1.2753 
2922.5 1.4304911766691482e-10 0.9198869926975263 0.3932846072459867 1.27804 
2927.5 1.4302733113049042e-10 0.919749761090151 0.3932688800037038 1.28047 
2932.5 1.430270368111888e-10 0.919747635364909 0.39325315276142087 1.28217 
2937.5 1.4302689071513083e-10 0.919743348096863 0.393237425519138 1.28269 
2942.5 1.4300583132550869e-10 0.9196016161486366 0.39322169827685505 1.28176 
2947.5 1.4295265967301997e-10 0.919251877990563 0.39320597103457217 1.27962 
2952.5 1.4289626280580062e-10 0.9188850463297873 0.3931902437922893 1.27666 
2957.5 1.428762484817737e-10 0.918756727444211 0.39317451655000635 1.27325 
2962.5 1.4293199018662693e-10 0.9191195331009342 0.39315878930772347 1.26979 
2967.5 1.4310359836303434e-10 0.9202307333551972 0.39314306206544053 1.26663 
2972.5 1.4341163683819921e-10 0.9222188459799816 0.39312733482315765 1.26403 
2977.5 1.4380142867820113e-10 0.9247212028568328 0.3931116075808747 1.2622 
2982.5 1.4419785840147428e-10 0.9272505208219117 0.39309588033859183 1.26139 
2987.5 1.4452480515695078e-10 0.9293131529295513 0.39308015309630895 1.26181 
2992.5 1.4470673247779463e-10 0.9304125768129676 0.393064425854026 1.26354 
2997.5 1.4469081568030477e-10 0.930173711205637 0.39304869861174313 1.26607 
