# Number of Energy transfer values
998
# Number of q values
3
# Energy transfer (micro eV) values
-1987.5
-1982.5
-1977.5
-1972.5
-1967.5
-1962.5
-1957.5
-1952.5
-1947.5
-1942.5
-1937.5
-1932.5
-1927.5
-1922.5
-1917.5
-1912.5
-1907.5
-1902.5
-1897.5
-1892.5
-1887.5
-1882.5
-1877.5
-1872.5
-1867.5
-1862.5
-1857.5
-1852.5
-1847.5
-1842.5
-1837.5
-1832.5
-1827.5
-1822.5
-1817.5
-1812.5
-1807.5
-1802.5
-1797.5
-1792.5
-1787.5
-1782.5
-1777.5
-1772.5
-1767.5
-1762.5
-1757.5
-1752.5
-1747.5
-1742.5
-1737.5
-1732.5
-1727.5
-1722.5
-1717.5
-1712.5
-1707.5
-1702.5
-1697.5
-1692.5
-1687.5
-1682.5
-1677.5
-1672.5
-1667.5
-1662.5
-1657.5
-1652.5
-1647.5
-1642.5
-1637.5
-1632.5
-1627.5
-1622.5
-1617.5
-1612.5
-1607.5
-1602.5
-1597.5
-1592.5
-1587.5
-1582.5
-1577.5
-1572.5
-1567.5
-1562.5
-1557.5
-1552.5
-1547.5
-1542.5
-1537.5
-1532.5
-1527.5
-1522.5
-1517.5
-1512.5
-1507.5
-1502.5
-1497.5
-1492.5
-1487.5
-1482.5
-1477.5
-1472.5
-1467.5
-1462.5
-1457.5
-1452.5
-1447.5
-1442.5
-1437.5
-1432.5
-1427.5
-1422.5
-1417.5
-1412.5
-1407.5
-1402.5
-1397.5
-1392.5
-1387.5
-1382.5
-1377.5
-1372.5
-1367.5
-1362.5
-1357.5
-1352.5
-1347.5
-1342.5
-1337.5
-1332.5
-1327.5
-1322.5
-1317.5
-1312.5
-1307.5
-1302.5
-1297.5
-1292.5
-1287.5
-1282.5
-1277.5
-1272.5
-1267.5
-1262.5
-1257.5
-1252.5
-1247.5
-1242.5
-1237.5
-1232.5
-1227.5
-1222.5
-1217.5
-1212.5
-1207.5
-1202.5
-1197.5
-1192.5
-1187.5
-1182.5
-1177.5
-1172.5
-1167.5
-1162.5
-1157.5
-1152.5
-1147.5
-1142.5
-1137.5
-1132.5
-1127.5
-1122.5
-1117.5
-1112.5
-1107.5
-1102.5
-1097.5
-1092.5
-1087.5
-1082.5
-1077.5
-1072.5
-1067.5
-1062.5
-1057.5
-1052.5
-1047.5
-1042.5
-1037.5
-1032.5
-1027.5
-1022.5
-1017.5
-1012.5
-1007.5
-1002.5
-997.5
-992.5
-987.5
-982.5
-977.5
-972.5
-967.5
-962.5
-957.5
-952.5
-947.5
-942.5
-937.5
-932.5
-927.5
-922.5
-917.5
-912.5
-907.5
-902.5
-897.5
-892.5
-887.5
-882.5
-877.5
-872.5
-867.5
-862.5
-857.5
-852.5
-847.5
-842.5
-837.5
-832.5
-827.5
-822.5
-817.5
-812.5
-807.5
-802.5
-797.5
-792.5
-787.5
-782.5
-777.5
-772.5
-767.5
-762.5
-757.5
-752.5
-747.5
-742.5
-737.5
-732.5
-727.5
-722.5
-717.5
-712.5
-707.5
-702.5
-697.5
-692.5
-687.5
-682.5
-677.5
-672.5
-667.5
-662.5
-657.5
-652.5
-647.5
-642.5
-637.5
-632.5
-627.5
-622.5
-617.5
-612.5
-607.5
-602.5
-597.5
-592.5
-587.5
-582.5
-577.5
-572.5
-567.5
-562.5
-557.5
-552.5
-547.5
-542.5
-537.5
-532.5
-527.5
-522.5
-517.5
-512.5
-507.5
-502.5
-497.5
-492.5
-487.5
-482.5
-477.5
-472.5
-467.5
-462.5
-457.5
-452.5
-447.5
-442.5
-437.5
-432.5
-427.5
-422.5
-417.5
-412.5
-407.5
-402.5
-397.5
-392.5
-387.5
-382.5
-377.5
-372.5
-367.5
-362.5
-357.5
-352.5
-347.5
-342.5
-337.5
-332.5
-327.5
-322.5
-317.5
-312.5
-307.5
-302.5
-297.5
-292.5
-287.5
-282.5
-277.5
-272.5
-267.5
-262.5
-257.5
-252.5
-247.5
-242.5
-237.5
-232.5
-227.5
-222.5
-217.5
-212.5
-207.5
-202.5
-197.5
-192.5
-187.5
-182.5
-177.5
-172.5
-167.5
-162.5
-157.5
-152.5
-147.5
-142.5
-137.5
-132.5
-127.5
-122.5
-117.5
-112.5
-107.5
-102.5
-97.5
-92.5
-87.5
-82.5
-77.5
-72.5
-67.5
-62.5
-57.5
-52.5
-47.5
-42.5
-37.5
-32.5
-27.5
-22.5
-17.5
-12.5
-7.5
-2.5
2.5
7.5
12.5
17.5
22.5
27.5
32.5
37.5
42.5
47.5
52.5
57.5
62.5
67.5
72.5
77.5
82.5
87.5
92.5
97.5
102.5
107.5
112.5
117.5
122.5
127.5
132.5
137.5
142.5
147.5
152.5
157.5
162.5
167.5
172.5
177.5
182.5
187.5
192.5
197.5
202.5
207.5
212.5
217.5
222.5
227.5
232.5
237.5
242.5
247.5
252.5
257.5
262.5
267.5
272.5
277.5
282.5
287.5
292.5
297.5
302.5
307.5
312.5
317.5
322.5
327.5
332.5
337.5
342.5
347.5
352.5
357.5
362.5
367.5
372.5
377.5
382.5
387.5
392.5
397.5
402.5
407.5
412.5
417.5
422.5
427.5
432.5
437.5
442.5
447.5
452.5
457.5
462.5
467.5
472.5
477.5
482.5
487.5
492.5
497.5
502.5
507.5
512.5
517.5
522.5
527.5
532.5
537.5
542.5
547.5
552.5
557.5
562.5
567.5
572.5
577.5
582.5
587.5
592.5
597.5
602.5
607.5
612.5
617.5
622.5
627.5
632.5
637.5
642.5
647.5
652.5
657.5
662.5
667.5
672.5
677.5
682.5
687.5
692.5
697.5
702.5
707.5
712.5
717.5
722.5
727.5
732.5
737.5
742.5
747.5
752.5
757.5
762.5
767.5
772.5
777.5
782.5
787.5
792.5
797.5
802.5
807.5
812.5
817.5
822.5
827.5
832.5
837.5
842.5
847.5
852.5
857.5
862.5
867.5
872.5
877.5
882.5
887.5
892.5
897.5
902.5
907.5
912.5
917.5
922.5
927.5
932.5
937.5
942.5
947.5
952.5
957.5
962.5
967.5
972.5
977.5
982.5
987.5
992.5
997.5
1002.5
1007.5
1012.5
1017.5
1022.5
1027.5
1032.5
1037.5
1042.5
1047.5
1052.5
1057.5
1062.5
1067.5
1072.5
1077.5
1082.5
1087.5
1092.5
1097.5
1102.5
1107.5
1112.5
1117.5
1122.5
1127.5
1132.5
1137.5
1142.5
1147.5
1152.5
1157.5
1162.5
1167.5
1172.5
1177.5
1182.5
1187.5
1192.5
1197.5
1202.5
1207.5
1212.5
1217.5
1222.5
1227.5
1232.5
1237.5
1242.5
1247.5
1252.5
1257.5
1262.5
1267.5
1272.5
1277.5
1282.5
1287.5
1292.5
1297.5
1302.5
1307.5
1312.5
1317.5
1322.5
1327.5
1332.5
1337.5
1342.5
1347.5
1352.5
1357.5
1362.5
1367.5
1372.5
1377.5
1382.5
1387.5
1392.5
1397.5
1402.5
1407.5
1412.5
1417.5
1422.5
1427.5
1432.5
1437.5
1442.5
1447.5
1452.5
1457.5
1462.5
1467.5
1472.5
1477.5
1482.5
1487.5
1492.5
1497.5
1502.5
1507.5
1512.5
1517.5
1522.5
1527.5
1532.5
1537.5
1542.5
1547.5
1552.5
1557.5
1562.5
1567.5
1572.5
1577.5
1582.5
1587.5
1592.5
1597.5
1602.5
1607.5
1612.5
1617.5
1622.5
1627.5
1632.5
1637.5
1642.5
1647.5
1652.5
1657.5
1662.5
1667.5
1672.5
1677.5
1682.5
1687.5
1692.5
1697.5
1702.5
1707.5
1712.5
1717.5
1722.5
1727.5
1732.5
1737.5
1742.5
1747.5
1752.5
1757.5
1762.5
1767.5
1772.5
1777.5
1782.5
1787.5
1792.5
1797.5
1802.5
1807.5
1812.5
1817.5
1822.5
1827.5
1832.5
1837.5
1842.5
1847.5
1852.5
1857.5
1862.5
1867.5
1872.5
1877.5
1882.5
1887.5
1892.5
1897.5
1902.5
1907.5
1912.5
1917.5
1922.5
1927.5
1932.5
1937.5
1942.5
1947.5
1952.5
1957.5
1962.5
1967.5
1972.5
1977.5
1982.5
1987.5
1992.5
1997.5
2002.5
2007.5
2012.5
2017.5
2022.5
2027.5
2032.5
2037.5
2042.5
2047.5
2052.5
2057.5
2062.5
2067.5
2072.5
2077.5
2082.5
2087.5
2092.5
2097.5
2102.5
2107.5
2112.5
2117.5
2122.5
2127.5
2132.5
2137.5
2142.5
2147.5
2152.5
2157.5
2162.5
2167.5
2172.5
2177.5
2182.5
2187.5
2192.5
2197.5
2202.5
2207.5
2212.5
2217.5
2222.5
2227.5
2232.5
2237.5
2242.5
2247.5
2252.5
2257.5
2262.5
2267.5
2272.5
2277.5
2282.5
2287.5
2292.5
2297.5
2302.5
2307.5
2312.5
2317.5
2322.5
2327.5
2332.5
2337.5
2342.5
2347.5
2352.5
2357.5
2362.5
2367.5
2372.5
2377.5
2382.5
2387.5
2392.5
2397.5
2402.5
2407.5
2412.5
2417.5
2422.5
2427.5
2432.5
2437.5
2442.5
2447.5
2452.5
2457.5
2462.5
2467.5
2472.5
2477.5
2482.5
2487.5
2492.5
2497.5
2502.5
2507.5
2512.5
2517.5
2522.5
2527.5
2532.5
2537.5
2542.5
2547.5
2552.5
2557.5
2562.5
2567.5
2572.5
2577.5
2582.5
2587.5
2592.5
2597.5
2602.5
2607.5
2612.5
2617.5
2622.5
2627.5
2632.5
2637.5
2642.5
2647.5
2652.5
2657.5
2662.5
2667.5
2672.5
2677.5
2682.5
2687.5
2692.5
2697.5
2702.5
2707.5
2712.5
2717.5
2722.5
2727.5
2732.5
2737.5
2742.5
2747.5
2752.5
2757.5
2762.5
2767.5
2772.5
2777.5
2782.5
2787.5
2792.5
2797.5
2802.5
2807.5
2812.5
2817.5
2822.5
2827.5
2832.5
2837.5
2842.5
2847.5
2852.5
2857.5
2862.5
2867.5
2872.5
2877.5
2882.5
2887.5
2892.5
2897.5
2902.5
2907.5
2912.5
2917.5
2922.5
2927.5
2932.5
2937.5
2942.5
2947.5
2952.5
2957.5
2962.5
2967.5
2972.5
2977.5
2982.5
2987.5
2992.5
2997.5
# q (1/Angstroms) values
0.52531
0.72917
0.9234
# Group 0
0.450726 0.0178351
0.452999 0.0173901
0.455227 0.0169452
0.457367 0.0165003
0.459373 0.0160553
0.461203 0.0156104
0.462819 0.0152966
0.464221 0.0149828
0.465416 0.014669
0.466412 0.0143552
0.467216 0.0140414
0.467864 0.0140506
0.468505 0.0140598
0.469318 0.0140691
0.470481 0.0140783
0.472172 0.0140876
0.474518 0.0141301
0.477435 0.0141726
0.480788 0.014215
0.48444 0.0142575
0.488256 0.0143
0.492104 0.0143425
0.495859 0.014385
0.499398 0.0144275
0.502601 0.01447
0.505345 0.0145125
0.507571 0.0145367
0.509478 0.0145608
0.511326 0.014585
0.513376 0.0146091
0.515889 0.0146332
0.519026 0.0146715
0.522552 0.0147098
0.526133 0.0147481
0.529435 0.0147864
0.532123 0.0148246
0.533928 0.0148199
0.534838 0.0148151
0.534908 0.0148103
0.534191 0.0148055
0.532741 0.0148008
0.530688 0.0147754
0.52847 0.01475
0.5266 0.0147246
0.525594 0.0146992
0.525964 0.0146738
0.528084 0.0147312
0.531757 0.0147885
0.536646 0.0148458
0.542412 0.0149031
0.548718 0.0149604
0.555225 0.0150284
0.561599 0.0150963
0.567501 0.0151642
0.572596 0.0152321
0.576548 0.0153001
0.579165 0.0153179
0.580834 0.0153357
0.582086 0.0153535
0.583452 0.0153712
0.585463 0.015389
0.588554 0.0154527
0.592769 0.0155165
0.598058 0.0155802
0.604368 0.0156439
0.611648 0.0157076
0.619762 0.0158004
0.628233 0.0158933
0.636502 0.0159861
0.644009 0.016079
0.650193 0.0161719
0.654664 0.0161963
0.657713 0.0162207
0.659801 0.0162451
0.661387 0.0162695
0.662932 0.0162939
0.664818 0.0163212
0.667109 0.0163486
0.669792 0.0163759
0.672853 0.0164032
0.676277 0.0164305
0.680072 0.0164858
0.684334 0.0165412
0.689181 0.0165965
0.69473 0.0166519
0.701099 0.0167072
0.708299 0.0167843
0.715912 0.0168614
0.723414 0.0169384
0.730282 0.0170155
0.735992 0.0170925
0.740225 0.0171295
0.74349 0.0171664
0.746501 0.0172033
0.749972 0.0172402
0.754618 0.0172772
0.760927 0.017357
0.768488 0.0174368
0.776666 0.0175166
0.784824 0.0175964
0.792327 0.0176762
0.798745 0.0177374
0.804484 0.0177986
0.810155 0.0178597
0.81637 0.0179209
0.82374 0.0179821
0.832783 0.0181092
0.843628 0.0182362
0.85631 0.0183633
0.870866 0.0184904
0.887329 0.0186174
0.905682 0.0188199
0.925694 0.0190223
0.947082 0.0192248
0.969562 0.0194273
0.992851 0.0196298
1.01667 0.0198467
1.04073 0.0200636
1.06477 0.0202805
1.0885 0.0204974
1.11166 0.0207144
1.13405 0.0209002
1.15578 0.0210861
1.17706 0.021272
1.19811 0.0214579
1.21911 0.0216438
1.24016 0.0218051
1.26084 0.0219664
1.28061 0.0221277
1.29894 0.022289
1.31529 0.0224503
1.32922 0.0225228
1.3406 0.0225954
1.3494 0.0226679
1.35561 0.0227404
1.35919 0.0228129
1.3602 0.0227953
1.3591 0.0227777
1.35641 0.0227602
1.35267 0.0227426
1.34842 0.0227251
1.34412 0.0226961
1.33995 0.0226671
1.33599 0.0226382
1.33235 0.0226092
1.32912 0.0225802
1.32635 0.0225623
1.32386 0.0225444
1.32142 0.0225265
1.3188 0.0225086
1.31577 0.0224908
1.31224 0.0224733
1.30866 0.0224559
1.30561 0.0224384
1.30369 0.022421
1.30347 0.0224036
1.3054 0.0224511
1.30939 0.0224986
1.31521 0.0225461
1.32262 0.0225937
1.33138 0.0226412
1.3413 0.0227405
1.3523 0.0228399
1.36435 0.0229392
1.37741 0.0230386
1.39143 0.0231379
1.40632 0.0232582
1.42167 0.0233785
1.43701 0.0234987
1.45188 0.023619
1.4658 0.0237393
1.47856 0.0238462
1.49091 0.0239531
1.50386 0.0240601
1.51842 0.024167
1.53559 0.0242739
1.55606 0.0244562
1.57928 0.0246384
1.60439 0.0248206
1.63052 0.0250029
1.65682 0.0251851
1.68258 0.0253663
1.70784 0.0255475
1.73277 0.0257288
1.75758 0.02591
1.78246 0.0260912
1.80762 0.0262795
1.83338 0.0264678
1.86006 0.0266561
1.88801 0.0268444
1.91755 0.0270328
1.949 0.0272728
1.98257 0.0275129
2.01845 0.0277529
2.05682 0.027993
2.09787 0.028233
2.14151 0.0285123
2.18654 0.0287916
2.23149 0.0290709
2.27488 0.0293502
2.31523 0.0296295
2.35157 0.0298341
2.38492 0.0300386
2.41682 0.0302432
2.44879 0.0304477
2.48235 0.0306523
2.51876 0.0308989
2.55807 0.0311454
2.60007 0.031392
2.64454 0.0316386
2.69126 0.0318851
2.73994 0.0321702
2.79004 0.0324553
2.84096 0.0327404
2.8921 0.0330255
2.94286 0.0333106
2.99275 0.0335772
3.04189 0.0338438
3.09047 0.0341104
3.13874 0.034377
3.18692 0.0346436
3.23533 0.0349145
3.28476 0.0351855
3.33607 0.0354564
3.39015 0.0357274
3.44788 0.0359983
3.50977 0.0363269
3.57491 0.0366555
3.64201 0.0369841
3.70979 0.0373126
3.77696 0.0376412
3.84276 0.0379703
3.90842 0.0382993
3.97571 0.0386283
4.04639 0.0389574
4.12221 0.0392864
4.20432 0.039689
4.29148 0.0400916
4.3818 0.0404941
4.47344 0.0408967
4.56454 0.0412993
4.65383 0.041693
4.7425 0.0420867
4.83235 0.0424804
4.92518 0.0428741
5.02276 0.0432678
5.12628 0.0437149
5.2344 0.044162
5.34516 0.0446091
5.45661 0.0450562
5.56679 0.0455033
5.6747 0.0459571
5.78318 0.046411
5.896 0.0468648
6.01696 0.0473186
6.14985 0.0477724
6.29703 0.0483606
6.45518 0.0489488
6.61959 0.049537
6.7855 0.0501252
6.94818 0.0507133
7.10449 0.0512674
7.25766 0.0518215
7.41248 0.0523757
7.57377 0.0529298
7.74634 0.0534839
7.93365 0.054162
8.13379 0.0548402
8.34348 0.0555184
8.55947 0.0561965
8.77849 0.0568747
8.99848 0.0576004
9.22224 0.0583262
9.45374 0.059052
9.697 0.0597777
9.95599 0.0605035
10.2332 0.0613625
10.5253 0.0622216
10.8273 0.0630806
11.1342 0.0639397
11.4413 0.0647987
11.7449 0.0656394
12.0478 0.0664801
12.354 0.0673208
12.6676 0.0681615
12.9925 0.0690022
13.3322 0.0699397
13.6867 0.0708772
14.0552 0.0718147
14.4371 0.0727522
14.8317 0.0736897
15.2384 0.0747215
15.6574 0.0757532
16.089 0.076785
16.5334 0.0778168
16.991 0.0788486
17.4621 0.0799688
17.9471 0.081089
18.4466 0.0822092
18.9609 0.0833294
19.4907 0.0844496
20.0365 0.0856722
20.5994 0.0868949
21.1809 0.0881175
21.7821 0.0893401
22.4045 0.0905628
23.0495 0.0919331
23.7192 0.0933035
24.4161 0.0946738
25.1425 0.0960442
25.9006 0.0974145
26.6927 0.0989936
27.5204 0.100573
28.3854 0.102152
29.2889 0.103731
30.2327 0.10531
31.2186 0.10714
32.25 0.108971
33.3307 0.110801
34.4645 0.112631
35.6552 0.114462
36.9062 0.1166
38.219 0.118739
39.5947 0.120877
41.0344 0.123015
42.5391 0.125154
44.1113 0.127626
45.7581 0.130099
47.4878 0.132571
49.3088 0.135044
51.2296 0.137517
53.2599 0.140508
55.4147 0.143499
57.7104 0.14649
60.1634 0.149481
62.7901 0.152472
65.6092 0.156324
68.6483 0.160176
71.9376 0.164028
75.5069 0.16788
79.3864 0.171732
83.6106 0.176972
88.2331 0.182212
93.3121 0.187452
98.9057 0.192692
105.072 0.197932
111.879 0.205376
119.434 0.21282
127.854 0.220264
137.256 0.227708
147.755 0.235152
159.48 0.245877
172.596 0.256603
187.281 0.267328
203.71 0.278054
222.059 0.28878
242.52 0.303705
265.337 0.31863
290.768 0.333555
319.073 0.34848
350.511 0.363405
385.346 0.383114
423.874 0.402823
466.396 0.422532
513.212 0.442241
564.625 0.46195
620.946 0.486538
682.522 0.511126
749.712 0.535714
822.874 0.560302
902.366 0.58489
988.53 0.614122
1081.65 0.643355
1181.98 0.672587
1289.81 0.70182
1405.38 0.731053
1528.94 0.764027
1660.55 0.797
1800.25 0.829974
1948.1 0.862948
2104.11 0.895922
2268.26 0.930953
2440.16 0.965983
2619.36 1.00101
2805.38 1.03604
2997.78 1.07108
3195.95 1.1054
3398.79 1.13972
3605.06 1.17404
3813.51 1.20836
4022.91 1.24268
4231.94 1.27252
4439 1.30236
4642.44 1.33219
4840.58 1.36203
5031.76 1.39187
5214.29 1.41338
5386.42 1.43489
5546.39 1.45641
5692.42 1.47792
5822.74 1.49943
5935.72 1.50925
6030.23 1.51907
6105.27 1.52889
6159.84 1.53871
6192.95 1.54853
6203.79 1.54475
6192.35 1.54097
6158.84 1.5372
6103.43 1.53342
6026.32 1.52965
5927.91 1.51231
5809.44 1.49497
5672.35 1.47764
5518.08 1.4603
5348.09 1.44296
5163.89 1.41416
4967.29 1.38536
4760.18 1.35656
4544.44 1.32776
4321.97 1.29896
4094.65 1.26214
3864.36 1.22531
3632.99 1.18849
3402.41 1.15166
3174.51 1.11484
2951.04 1.07457
2733.25 1.03429
2522.25 0.99402
2319.16 0.953746
2125.09 0.913473
1941.01 0.874411
1767.25 0.835349
1603.99 0.796287
1451.4 0.757225
1309.68 0.718163
1178.89 0.683915
1058.7 0.649667
948.665 0.61542
848.35 0.581172
757.311 0.546924
675.086 0.519407
601.11 0.491889
534.797 0.464371
475.56 0.436853
422.813 0.409336
375.984 0.389011
334.572 0.368687
298.088 0.348362
266.047 0.328038
237.962 0.307713
213.372 0.294009
191.919 0.280304
173.271 0.2666
157.097 0.252895
143.063 0.239191
130.863 0.230741
120.287 0.222291
111.151 0.213842
103.27 0.205392
96.4594 0.196943
90.5481 0.192072
85.4208 0.187202
80.9762 0.182332
77.1126 0.177461
73.7287 0.172591
70.7319 0.16967
68.0661 0.16675
65.6843 0.16383
63.5393 0.160909
61.5842 0.157989
59.7769 0.155907
58.096 0.153825
56.5252 0.151744
55.0481 0.149662
53.6486 0.14758
52.3117 0.145822
51.0283 0.144064
49.7908 0.142306
48.5914 0.140548
47.4226 0.13879
46.2774 0.137105
45.1513 0.135421
44.0407 0.133736
42.9419 0.132052
41.8511 0.130367
40.7659 0.128653
39.6891 0.12694
38.6246 0.125226
37.5764 0.123512
36.5484 0.121799
35.5434 0.120114
34.5586 0.11843
33.5897 0.116745
32.6327 0.115061
31.6835 0.113376
30.7394 0.111672
29.8044 0.109968
28.8839 0.108263
27.9834 0.106559
27.1083 0.104855
26.2627 0.103258
25.4457 0.101661
24.6548 0.100064
23.8877 0.0984671
23.1421 0.0968702
22.4161 0.0953848
21.7107 0.0938993
21.0272 0.0924139
20.3669 0.0909285
19.7314 0.0894431
19.1217 0.0881227
18.5376 0.0868024
17.9787 0.085482
17.4445 0.0841617
16.9345 0.0828413
16.4483 0.0817248
15.9859 0.0806083
15.5474 0.0794917
15.1329 0.0783752
14.7424 0.0772587
14.3756 0.0763624
14.0303 0.0754662
13.7039 0.0745699
13.3938 0.0736737
13.0973 0.0727775
12.8126 0.0720394
12.5405 0.0713013
12.2827 0.0705632
12.0407 0.0698251
11.816 0.069087
11.6099 0.0685643
11.4215 0.0680416
11.2496 0.0675189
11.0928 0.0669962
10.9499 0.0664735
10.8195 0.0661245
10.6998 0.0657755
10.5891 0.0654265
10.4855 0.0650775
10.3871 0.0647286
10.2924 0.0644573
10.2015 0.0641861
10.1146 0.0639149
10.032 0.0636437
9.95407 0.0633725
9.88098 0.0631691
9.81244 0.0629657
9.74801 0.0627623
9.68728 0.0625589
9.62981 0.0623556
9.57509 0.0621917
9.52225 0.0620279
9.47033 0.061864
9.41835 0.0617002
9.36537 0.0615363
9.3104 0.0613368
9.25245 0.0611372
9.19049 0.0609377
9.12352 0.0607381
9.05052 0.0605385
8.97123 0.06028
8.88832 0.0600215
8.80522 0.0597629
8.72535 0.0595044
8.65213 0.0592459
8.58782 0.0590549
8.52999 0.058864
8.47506 0.0586731
8.41946 0.0584822
8.35958 0.0582912
8.29276 0.0580368
8.21991 0.0577823
8.14288 0.0575279
8.06351 0.0572734
7.98363 0.0570189
7.9047 0.0567467
7.82674 0.0564745
7.74939 0.0562023
7.67227 0.0559301
7.59505 0.0556579
7.51759 0.0553926
7.44076 0.0551273
7.36568 0.054862
7.29345 0.0545967
7.22519 0.0543314
7.16139 0.0540957
7.10014 0.05386
7.0389 0.0536242
6.97514 0.0533885
6.90633 0.0531528
6.83084 0.0528499
6.75063 0.052547
6.66857 0.0522441
6.58751 0.0519412
6.51032 0.0516383
6.43914 0.0513889
6.37322 0.0511395
6.31107 0.0508901
6.25121 0.0506408
6.19218 0.0503914
6.13276 0.0501511
6.07294 0.0499109
6.01295 0.0496706
5.95306 0.0494304
5.8935 0.0491901
5.83449 0.0489531
5.77617 0.048716
5.71862 0.0484789
5.66192 0.0482419
5.60617 0.0480048
5.55142 0.0477797
5.49748 0.0475546
5.44415 0.0473295
5.39122 0.0471044
5.33846 0.0468794
5.2858 0.0466616
5.23363 0.0464439
5.18251 0.0462261
5.13298 0.0460084
5.08558 0.0457906
5.04066 0.0456101
4.9978 0.0454295
4.95641 0.0452489
4.91587 0.0450684
4.87558 0.0448878
4.83502 0.0447113
4.79398 0.0445348
4.75237 0.0443583
4.71006 0.0441818
4.66695 0.0440052
4.623 0.0438181
4.57852 0.0436309
4.53389 0.0434438
4.48949 0.0432566
4.44571 0.0430695
4.40288 0.0429032
4.36112 0.042737
4.32051 0.0425708
4.28113 0.0424045
4.24304 0.0422383
4.20621 0.0420951
4.17007 0.0419519
4.13395 0.0418086
4.09718 0.0416654
4.05907 0.0415222
4.01916 0.0413474
3.97779 0.0411726
3.93553 0.0409978
3.89292 0.040823
3.85053 0.0406482
3.80888 0.0404812
3.76835 0.0403142
3.7293 0.0401471
3.69209 0.0399801
3.65705 0.0398131
3.62439 0.0396827
3.59366 0.0395524
3.56425 0.039422
3.53553 0.0392916
3.50692 0.0391612
3.4779 0.039022
3.44843 0.0388827
3.41859 0.0387435
3.38843 0.0386043
3.35804 0.038465
3.32747 0.0383101
3.29678 0.0381551
3.26602 0.0380002
3.23524 0.0378452
3.2045 0.0376903
3.17393 0.0375468
3.14405 0.0374033
3.11549 0.0372598
3.08885 0.0371164
3.06475 0.0369729
3.04353 0.0368789
3.02446 0.036785
3.0065 0.036691
2.98865 0.0365971
2.96989 0.0365031
2.94939 0.0363742
2.92708 0.0362452
2.90305 0.0361163
2.87744 0.0359874
2.85034 0.0358584
2.82201 0.035695
2.79323 0.0355316
2.7649 0.0353682
2.73796 0.0352047
2.71332 0.0350413
2.69161 0.034925
2.67231 0.0348087
2.65462 0.0346924
2.63775 0.0345761
2.62088 0.0344598
2.60335 0.0343178
2.58506 0.0341758
2.56606 0.0340339
2.54636 0.0338919
2.52602 0.03375
2.50509 0.0335927
2.48376 0.0334355
2.46222 0.0332783
2.44069 0.033121
2.41936 0.0329638
2.39842 0.0327912
2.37788 0.0326185
2.35773 0.0324459
2.33795 0.0322733
2.31852 0.0321007
2.29941 0.0319313
2.28052 0.0317618
2.26171 0.0315924
2.24286 0.031423
2.22384 0.0312535
2.20464 0.0310859
2.18562 0.0309182
2.16728 0.0307506
2.15011 0.0305829
2.13458 0.0304153
2.121 0.0303032
2.10901 0.0301912
2.09804 0.0300791
2.08754 0.029967
2.07695 0.029855
2.06588 0.0297376
2.05455 0.0296201
2.04335 0.0295027
2.03266 0.0293852
2.02285 0.0292678
2.01419 0.0291796
2.00638 0.0290913
1.99902 0.0290031
1.99169 0.0289148
1.98398 0.0288266
1.97556 0.0287331
1.96647 0.0286396
1.95683 0.0285462
1.94676 0.0284527
1.93639 0.0283592
1.92583 0.0282634
1.91517 0.0281677
1.90452 0.0280719
1.89396 0.0279761
1.88358 0.0278803
1.87339 0.0277706
1.86307 0.0276609
1.85221 0.0275513
1.8404 0.0274416
1.82722 0.0273319
1.81243 0.0271798
1.7964 0.0270277
1.77967 0.0268755
1.76277 0.0267234
1.74624 0.0265713
1.73052 0.0264456
1.7157 0.0263199
1.7018 0.0261942
1.68881 0.0260686
1.67674 0.0259429
1.66553 0.0258375
1.65488 0.025732
1.64443 0.0256266
1.6338 0.0255212
1.62265 0.0254158
1.61071 0.0252887
1.59824 0.0251617
1.58558 0.0250346
1.57311 0.0249075
1.56117 0.0247805
1.55004 0.0246863
1.53967 0.0245922
1.52992 0.0244981
1.52065 0.0244039
1.51173 0.0243098
1.503 0.0242153
1.49417 0.0241208
1.48498 0.0240263
1.47511 0.0239319
1.46428 0.0238374
1.45234 0.0237298
1.43975 0.0236221
1.42711 0.0235145
1.41502 0.0234069
1.40408 0.0232993
1.39474 0.0232411
1.38681 0.0231829
1.37997 0.0231247
1.37388 0.0230665
1.3682 0.0230083
1.3626 0.02295
1.3567 0.0228916
1.35012 0.0228332
1.34248 0.0227748
1.3334 0.0227164
1.32267 0.022618
1.31075 0.0225195
1.29825 0.022421
1.28581 0.0223226
1.27405 0.0222241
1.26346 0.0221595
1.25402 0.022095
1.2456 0.0220304
1.23803 0.0219658
1.23117 0.0219012
1.2249 0.0218687
1.21916 0.0218362
1.21391 0.0218037
1.20913 0.0217712
1.20478 0.0217387
1.20081 0.0217274
1.19708 0.0217161
1.19344 0.0217048
1.18976 0.0216935
1.18586 0.0216822
1.18166 0.0216672
1.17716 0.0216521
1.17245 0.0216371
1.16757 0.0216221
1.1626 0.0216071
1.15763 0.0216005
1.15287 0.0215939
1.14853 0.0215874
1.14486 0.0215808
1.14207 0.0215742
1.14032 0.0216087
1.13947 0.0216432
1.13927 0.0216777
1.13951 0.0217122
1.13995 0.0217467
1.14038 0.0217827
1.14071 0.0218188
1.14084 0.0218549
1.1407 0.0218909
1.14018 0.021927
1.13925 0.0219404
1.13793 0.0219538
1.1363 0.0219671
1.13444 0.0219805
1.1324 0.0219939
1.13032 0.0220121
1.12852 0.0220304
1.12739 0.0220486
1.1273 0.0220668
1.12864 0.022085
1.13159 0.0221347
1.13556 0.0221844
1.13975 0.0222341
1.14337 0.0222837
1.14563 0.0223334
1.14595 0.0223223
1.14464 0.0223111
1.14224 0.0223
1.13927 0.0222888
1.13627 0.0222777
1.13362 0.0222527
1.13122 0.0222277
1.1288 0.0222027
1.12611 0.0221777
1.12289 0.0221528
1.11898 0.02211
1.11458 0.0220672
1.10998 0.0220244
1.1055 0.0219816
1.10142 0.0219388
1.09793 0.0219023
1.09482 0.0218658
1.09176 0.0218293
1.08844 0.0217927
1.08452 0.0217562
1.07981 0.0217019
1.0746 0.0216476
1.06932 0.0215933
1.06438 0.0215391
1.06021 0.0214848
1.05715 0.0214715
1.05521 0.0214583
1.05434 0.021445
1.05448 0.0214318
1.05556 0.0214186
1.05743 0.021429
1.05961 0.0214395
1.06152 0.02145
1.06259 0.0214605
1.06225 0.021471
1.06016 0.0214445
1.05699 0.0214181
1.05367 0.0213917
1.05112 0.0213653
1.05024 0.0213388
1.05167 0.0213719
1.05491 0.021405
1.05915 0.021438
1.0636 0.0214711
1.06747 0.0215041
1.07013 0.0215131
1.07169 0.021522
1.07239 0.0215309
1.07252 0.0215398
1.07233 0.0215487
1.07202 0.0215348
1.07146 0.0215208
1.07045 0.0215069
1.06879 0.0214929
1.06629 0.021479
1.0629 0.0214541
1.05925 0.0214293
1.05612 0.0214045
1.0543 0.0213797
1.05458 0.0213548
1.05745 0.0213994
1.06218 0.021444
1.06777 0.0214886
1.07322 0.0215332
1.0775 0.0215778
1.07985 0.021571
1.08039 0.0215642
1.07951 0.0215573
1.07757 0.0215505
1.07496 0.0215437
1.07199 0.0215133
1.06885 0.0214828
1.06568 0.0214524
1.06259 0.0214219
1.05974 0.0213915
1.05723 0.0213726
1.05504 0.0213537
1.05315 0.0213349
1.0515 0.021316
1.05008 0.0212972
1.04881 0.0212796
1.04752 0.0212621
1.046 0.0212446
1.04405 0.021227
1.04148 0.0212095
1.03818 0.0211756
1.03445 0.0211417
1.03071 0.0211078
1.02737 0.0210739
1.02485 0.02104
1.02341 0.0210377
1.02287 0.0210354
1.02287 0.0210331
1.02309 0.0210308
1.0232 0.0210285
1.02297 0.0210308
1.02265 0.0210331
1.02263 0.0210354
1.02325 0.0210377
1.0249 0.02104
1.02778 0.0210756
1.03154 0.0211112
1.03565 0.0211468
1.03961 0.0211824
1.04289 0.0212181
1.0451 0.0212252
1.04636 0.0212324
1.0469 0.0212396
1.04698 0.0212467
1.04682 0.0212539
1.04662 0.0212487
1.04634 0.0212434
1.04591 0.0212382
1.04524 0.021233
1.04425 0.0212277
1.04293 0.0212201
1.04156 0.0212125
1.04048 0.0212049
1.04004 0.0211972
1.04059 0.0211896
1.04231 0.0212109
1.04479 0.0212322
1.04744 0.0212534
1.04968 0.0212747
1.05091 0.021296
1.05075 0.0212836
1.04954 0.0212713
1.04778 0.0212589
1.04602 0.0212465
1.04477 0.0212342
1.04444 0.0212452
1.04498 0.0212563
1.04624 0.0212674
1.04806 0.0212784
1.05026 0.0212895
1.05272 0.0213138
1.05531 0.0213382
1.05795 0.0213625
1.06054 0.0213868
1.06299 0.0214112
1.0652 0.0214204
1.06701 0.0214296
1.06825 0.0214389
1.06876 0.0214481
1.06836 0.0214573
1.06699 0.0214363
1.06492 0.0214152
# Group 1
0.919899 0.0299034
0.919375 0.0291138
0.919269 0.0283242
0.919999 0.0275347
0.921984 0.0267451
0.925641 0.0259555
0.931109 0.0254599
0.937412 0.0249643
0.943293 0.0244687
0.947495 0.0239731
0.948762 0.0234775
0.946336 0.0234246
0.941456 0.0233717
0.935857 0.0233188
0.931276 0.0232659
0.929449 0.0232131
0.931585 0.0232705
0.936793 0.023328
0.943651 0.0233855
0.950741 0.0234429
0.956642 0.0235004
0.960304 0.0235049
0.962143 0.0235095
0.962944 0.023514
0.963493 0.0235185
0.964574 0.023523
0.966715 0.023534
0.969419 0.0235449
0.971931 0.0235558
0.973495 0.0235668
0.973357 0.0235777
0.971073 0.0235337
0.96744 0.0234897
0.963567 0.0234457
0.960563 0.0234017
0.959536 0.0233577
0.961263 0.0233965
0.965197 0.0234353
0.970457 0.0234741
0.976166 0.0235129
0.981442 0.0235517
0.985577 0.0235676
0.988537 0.0235835
0.99046 0.0235994
0.991482 0.0236154
0.991739 0.0236313
0.99139 0.0236164
0.990681 0.0236015
0.989878 0.0235866
0.989249 0.0235717
0.989061 0.0235568
0.989536 0.02357
0.990724 0.0235832
0.992631 0.0235963
0.995261 0.0236095
0.99862 0.0236227
1.0026 0.0236471
1.00669 0.0236715
1.01022 0.0236959
1.01258 0.0237203
1.01311 0.0237447
1.01144 0.0237031
1.00823 0.0236615
1.00438 0.02362
1.00081 0.0235784
0.998425 0.0235368
0.997933 0.0235548
0.999188 0.0235729
1.00184 0.0235909
1.00552 0.0236089
1.00989 0.0236269
1.01465 0.0236819
1.01978 0.0237369
1.02533 0.023792
1.03134 0.023847
1.03785 0.023902
1.04483 0.0239668
1.05192 0.0240317
1.05868 0.0240966
1.06468 0.0241614
1.06947 0.0242263
1.07281 0.0242546
1.0753 0.0242829
1.0777 0.0243113
1.08081 0.0243396
1.0854 0.0243679
1.09198 0.0244478
1.09993 0.0245277
1.1084 0.0246075
1.11648 0.0246874
1.1233 0.0247673
1.12824 0.0248008
1.13177 0.0248344
1.13458 0.024868
1.1374 0.0249015
1.14096 0.0249351
1.14574 0.0249913
1.15144 0.0250476
1.1575 0.0251038
1.1634 0.02516
1.1686 0.0252163
1.1727 0.0252413
1.17587 0.0252663
1.17839 0.0252913
1.18056 0.0253163
1.18268 0.0253413
1.18504 0.0253761
1.1879 0.025411
1.19149 0.0254458
1.19607 0.0254807
1.20189 0.0255155
1.20907 0.0255959
1.2173 0.0256762
1.22616 0.0257565
1.23523 0.0258368
1.24408 0.0259172
1.25234 0.025979
1.25983 0.0260408
1.26643 0.0261027
1.27203 0.0261645
1.27649 0.0262263
1.27979 0.0262425
1.28224 0.0262587
1.28425 0.0262748
1.28623 0.026291
1.28858 0.0263072
1.29171 0.0263629
1.29605 0.0264187
1.30201 0.0264744
1.31002 0.0265302
1.32051 0.0265859
1.33358 0.0267125
1.34811 0.026839
1.36266 0.0269655
1.37579 0.027092
1.38606 0.0272185
1.3925 0.0272451
1.39593 0.0272717
1.39765 0.0272983
1.39894 0.0273249
1.4011 0.0273515
1.40517 0.0274176
1.41119 0.0274836
1.41898 0.0275497
1.42833 0.0276157
1.43905 0.0276818
1.45094 0.0278074
1.46386 0.027933
1.47764 0.0280587
1.49213 0.0281843
1.50718 0.0283099
1.52254 0.0284261
1.53753 0.0285423
1.55137 0.0286585
1.5633 0.0287747
1.57252 0.0288909
1.57865 0.0289292
1.58272 0.0289675
1.58617 0.0290058
1.59042 0.0290441
1.5969 0.0290824
1.6067 0.0292059
1.61956 0.0293295
1.63488 0.029453
1.65208 0.0295765
1.67054 0.0297001
1.68972 0.0298613
1.70912 0.0300225
1.7283 0.0301837
1.7468 0.0303448
1.76416 0.030506
1.78004 0.0306117
1.79448 0.0307174
1.8076 0.0308231
1.81955 0.0309288
1.83047 0.0310345
1.84065 0.031134
1.85098 0.0312334
1.86249 0.0313329
1.87622 0.0314324
1.89321 0.0315319
1.91417 0.0317374
1.93849 0.0319429
1.96523 0.0321485
1.99343 0.032354
2.02217 0.0325595
2.05071 0.0327865
2.0792 0.0330136
2.10801 0.0332406
2.1375 0.0334677
2.16803 0.0336947
2.1998 0.0339331
2.23237 0.0341715
2.26513 0.0344099
2.29746 0.0346483
2.32877 0.0348867
2.3587 0.0351064
2.38796 0.0353261
2.41751 0.0355458
2.44831 0.0357656
2.48133 0.0359853
2.51726 0.0362601
2.55567 0.0365349
2.59586 0.0368097
2.63713 0.0370845
2.67878 0.0373593
2.72025 0.0376354
2.76155 0.0379115
2.80285 0.0381876
2.84429 0.0384637
2.88603 0.0387398
2.92828 0.0390263
2.97142 0.0393129
3.0159 0.0395994
3.06215 0.039886
3.11062 0.0401725
3.16159 0.0405069
3.21473 0.0408413
3.26954 0.0411756
3.32554 0.04151
3.38224 0.0418444
3.43932 0.042194
3.49712 0.0425436
3.55616 0.0428932
3.61697 0.0432428
3.68005 0.0435924
3.74573 0.0439806
3.8136 0.0443688
3.88305 0.044757
3.95347 0.0451452
4.02425 0.0455335
4.0951 0.0459376
4.1669 0.0463417
4.24084 0.0467458
4.31812 0.0471499
4.39994 0.047554
4.48702 0.0480269
4.57824 0.0484998
4.67202 0.0489727
4.76678 0.0494457
4.86092 0.0499186
4.95359 0.0504027
5.04688 0.0508869
5.14357 0.0513711
5.24649 0.0518552
5.35844 0.0523394
5.48154 0.0529992
5.61521 0.0536589
5.75819 0.0543187
5.90922 0.0549785
6.06703 0.0556383
6.23054 0.0563963
6.39936 0.0571544
6.57331 0.0579124
6.75217 0.0586704
6.93574 0.0594285
7.12387 0.0602361
7.31663 0.0610436
7.51416 0.0618512
7.71656 0.0626588
7.92398 0.0634664
8.13664 0.0643365
8.35529 0.0652066
8.58077 0.0660768
8.81392 0.0669469
9.0556 0.067817
9.30637 0.068774
9.56565 0.069731
9.8326 0.070688
10.1064 0.071645
10.3861 0.0726021
10.6711 0.0735981
10.9613 0.0745942
11.2569 0.0755903
11.5579 0.0765864
11.8645 0.0775824
12.1769 0.078617
12.4957 0.0796516
12.8219 0.0806862
13.1562 0.0817207
13.4994 0.0827553
13.8521 0.0838606
14.2143 0.0849658
14.5857 0.086071
14.966 0.0871763
15.3549 0.0882815
15.7522 0.0894474
16.1584 0.0906133
16.5741 0.0917792
16.9998 0.092945
17.436 0.0941109
17.8837 0.0953778
18.3453 0.0966448
18.8235 0.0979117
19.3211 0.0991786
19.8408 0.100446
20.384 0.101863
20.9472 0.10328
21.5252 0.104697
22.1131 0.106114
22.7059 0.107532
23.3015 0.109028
23.9096 0.110524
24.5428 0.112021
25.2136 0.113517
25.9346 0.115013
26.7156 0.116937
27.5558 0.11886
28.4516 0.120784
29.3995 0.122707
30.3958 0.124631
31.4387 0.126937
32.5338 0.129243
33.6881 0.131549
34.9089 0.133855
36.2034 0.136161
37.5802 0.139054
39.0529 0.141946
40.6365 0.144839
42.3462 0.147731
44.1969 0.150624
46.2051 0.15454
48.3937 0.158456
50.7869 0.162372
53.4091 0.166288
56.2846 0.170205
59.4397 0.175662
62.9085 0.18112
66.7272 0.186577
70.932 0.192035
75.559 0.197492
80.6524 0.205134
86.2881 0.212777
92.5501 0.220419
99.5222 0.228062
107.288 0.235704
115.943 0.246647
125.626 0.25759
136.485 0.268533
148.671 0.279476
162.332 0.290419
177.631 0.305912
194.777 0.321405
213.993 0.336899
235.503 0.352392
259.527 0.367885
286.294 0.388727
316.047 0.409568
349.036 0.43041
385.509 0.451252
425.716 0.472093
469.908 0.498276
518.348 0.524459
571.302 0.550642
629.034 0.576825
691.812 0.603008
759.859 0.633771
833.238 0.664535
911.972 0.695298
996.083 0.726061
1085.59 0.756825
1180.48 0.790113
1280.57 0.823402
1385.63 0.856691
1495.45 0.889979
1609.8 0.923268
1728.39 0.956502
1850.69 0.989737
1976.08 1.02297
2103.96 1.05621
2233.72 1.08944
2364.7 1.11949
2496.01 1.14953
2626.72 1.17958
2755.89 1.20962
2882.58 1.23967
3005.81 1.26306
3124.44 1.28645
3237.27 1.30984
3343.13 1.33322
3440.82 1.35661
3529.21 1.36979
3607.33 1.38297
3674.29 1.39615
3729.17 1.40933
3771.06 1.4225
3799.18 1.42286
3813.19 1.42321
3812.9 1.42356
3798.1 1.42391
3768.59 1.42426
3724.32 1.41088
3665.85 1.39749
3593.9 1.38411
3509.17 1.37072
3412.39 1.35733
3304.37 1.33144
3186.26 1.30554
3059.34 1.27965
2924.86 1.25375
2784.07 1.22786
2638.25 1.19236
2488.72 1.15686
2336.81 1.12136
2183.83 1.08587
2031.13 1.05037
1879.98 1.00939
1731.45 0.968417
1586.58 0.927441
1446.38 0.886466
1311.89 0.84549
1184.03 0.804239
1063.27 0.762988
950.002 0.721737
844.6 0.680486
747.44 0.639235
658.784 0.603165
578.422 0.567096
506.031 0.531027
441.285 0.494957
383.858 0.458888
333.384 0.431785
289.33 0.404683
251.12 0.37758
218.178 0.350478
189.93 0.323375
165.821 0.306089
145.381 0.288802
128.159 0.271515
113.706 0.254228
101.572 0.236942
91.3453 0.227452
82.7649 0.217962
75.6087 0.208472
69.6543 0.198982
64.6793 0.189492
60.4806 0.184702
56.934 0.179913
53.9346 0.175124
51.3773 0.170335
49.1575 0.165546
47.1833 0.162766
45.4161 0.159986
43.83 0.157205
42.3994 0.154425
41.0988 0.151645
39.9044 0.149701
38.8007 0.147757
37.7744 0.145813
36.812 0.143869
35.8999 0.141925
35.0261 0.140277
34.1837 0.138629
33.3672 0.13698
32.5711 0.135332
31.7899 0.133683
31.0195 0.132097
30.2618 0.13051
29.52 0.128923
28.7973 0.127337
28.0971 0.12575
27.4213 0.12427
26.7661 0.122789
26.1266 0.121309
25.4975 0.119829
24.874 0.118348
24.2521 0.116848
23.633 0.115348
23.0188 0.113848
22.412 0.112348
21.8147 0.110848
21.2294 0.109399
20.6581 0.10795
20.1031 0.106501
19.5665 0.105052
19.0505 0.103602
18.5565 0.102312
18.082 0.101022
17.6241 0.099732
17.1796 0.0984419
16.7453 0.0971517
16.3187 0.0959234
15.8994 0.0946951
15.4875 0.0934668
15.0832 0.0922385
14.6866 0.0910103
14.2981 0.0898367
13.9183 0.0886631
13.5482 0.0874895
13.1887 0.0863159
12.8405 0.0851423
12.5046 0.0840899
12.1814 0.0830375
11.8713 0.081985
11.5747 0.0809326
11.2922 0.0798802
11.0234 0.078955
10.7652 0.0780298
10.5141 0.0771046
10.2663 0.0761794
10.0182 0.0752543
9.76716 0.0743104
9.51591 0.0733666
9.26822 0.0724227
9.02791 0.0714789
8.79879 0.0705351
8.58354 0.0697185
8.38036 0.068902
8.1863 0.0680854
7.99843 0.0672689
7.81379 0.0664524
7.63039 0.0656938
7.45005 0.0649352
7.27549 0.0641766
7.10948 0.063418
6.95476 0.0626594
6.81324 0.0620894
6.68351 0.0615195
6.56331 0.0609495
6.45039 0.0603795
6.3425 0.0598096
6.23769 0.0593209
6.13522 0.0588322
6.03464 0.0583434
5.93552 0.0578547
5.83741 0.057366
5.74005 0.0568954
5.64398 0.0564248
5.54988 0.0559542
5.45848 0.0554836
5.37047 0.055013
5.28648 0.054625
5.20681 0.0542371
5.13169 0.0538491
5.06134 0.0534611
4.99598 0.0530731
4.93564 0.052787
4.87953 0.0525009
4.82667 0.0522148
4.77608 0.0519287
4.72677 0.0516426
4.67776 0.0513555
4.62806 0.0510684
4.57669 0.0507813
4.52266 0.0504942
4.46497 0.050207
4.40321 0.0498596
4.33916 0.0495121
4.27519 0.0491647
4.21366 0.0488172
4.15693 0.0484698
4.10667 0.0482244
4.06192 0.0479791
4.02101 0.0477338
3.9823 0.0474885
3.94413 0.0472432
3.90526 0.0470184
3.86601 0.0467936
3.82713 0.0465688
3.78938 0.046344
3.75348 0.0461192
3.71976 0.0459025
3.68688 0.0456858
3.65306 0.045469
3.61654 0.0452523
3.57555 0.0450356
3.52901 0.0447225
3.47855 0.0444093
3.42646 0.0440962
3.37507 0.0437831
3.32668 0.0434699
3.28317 0.0432471
3.24467 0.0430244
3.21091 0.0428016
3.18159 0.0425788
3.15642 0.042356
3.13496 0.0422338
3.11619 0.0421116
3.09893 0.0419894
3.08202 0.0418672
3.06429 0.041745
3.04472 0.04158
3.02302 0.041415
2.99905 0.04125
2.97266 0.0410849
2.94372 0.0409199
2.91239 0.0407108
2.88006 0.0405016
2.8484 0.0402924
2.81911 0.0400833
2.79387 0.0398741
2.77387 0.0397781
2.75828 0.0396821
2.74578 0.0395862
2.73506 0.0394902
2.7248 0.0393942
2.71383 0.0392949
2.70162 0.0391955
2.68777 0.0390962
2.67192 0.0389969
2.65368 0.0388975
2.63284 0.038729
2.60994 0.0385606
2.58569 0.0383921
2.5608 0.0382236
2.53598 0.0380551
2.51192 0.0379146
2.4893 0.0377742
2.46875 0.0376337
2.45093 0.0374932
2.43648 0.0373528
2.42572 0.0373013
2.41751 0.0372498
2.4104 0.0371984
2.40292 0.0371469
2.39361 0.0370954
2.38144 0.0370106
2.36718 0.0369258
2.35204 0.036841
2.33723 0.0367561
2.32396 0.0366713
2.31312 0.036638
2.30431 0.0366047
2.29682 0.0365715
2.28992 0.0365382
2.28292 0.0365049
2.27531 0.036489
2.26754 0.0364731
2.26026 0.0364573
2.25414 0.0364414
2.24984 0.0364255
2.24781 0.03647
2.24766 0.0365146
2.2488 0.0365591
2.25063 0.0366036
2.25255 0.0366481
2.25406 0.0366914
2.25507 0.0367347
2.25556 0.036778
2.25555 0.0368213
2.25502 0.0368646
2.25396 0.0368779
2.25218 0.0368912
2.24949 0.0369045
2.2457 0.0369178
2.24061 0.0369311
2.23414 0.036903
2.22676 0.0368749
2.21902 0.0368469
2.21152 0.0368188
2.20482 0.0367907
2.19929 0.0367666
2.1944 0.0367426
2.18944 0.0367186
2.18367 0.0366946
2.17635 0.0366705
2.167 0.0365979
2.15615 0.0365252
2.14455 0.0364525
2.13299 0.0363799
2.12222 0.0363072
2.11283 0.0362592
2.10471 0.0362112
2.09754 0.0361631
2.09104 0.0361151
2.08488 0.0360671
2.07884 0.0360258
2.07294 0.0359845
2.06729 0.0359431
2.06197 0.0359018
2.05709 0.0358605
2.05275 0.0358367
2.04917 0.0358129
2.04656 0.0357891
2.04516 0.0357653
2.04517 0.0357415
2.04673 0.0357585
2.04957 0.0357754
2.05331 0.0357923
2.05758 0.0358093
2.06202 0.0358262
2.06624 0.0358345
2.06991 0.0358428
2.07267 0.035851
2.07418 0.0358593
2.07409 0.0358675
2.07216 0.0357997
2.06852 0.0357319
2.06342 0.035664
2.0571 0.0355962
2.04981 0.0355284
2.04178 0.0354018
2.03319 0.0352752
2.02424 0.0351486
2.01511 0.035022
2.00597 0.0348955
1.99697 0.0347755
1.98807 0.0346556
1.97919 0.0345356
1.97025 0.0344156
1.96116 0.0342957
1.95181 0.0341619
1.94199 0.0340281
1.93147 0.0338943
1.92 0.0337605
1.90735 0.0336268
1.8934 0.0334466
1.87853 0.0332665
1.86326 0.0330864
1.84809 0.0329063
1.83355 0.0327262
1.82008 0.0325664
1.80789 0.0324066
1.79713 0.0322467
1.78794 0.0320869
1.78047 0.0319271
1.77476 0.0318667
1.77042 0.0318062
1.76697 0.0317458
1.76392 0.0316853
1.76077 0.0316249
1.75707 0.0315511
1.75254 0.0314773
1.74692 0.0314036
1.73995 0.0313298
1.7314 0.031256
1.72118 0.0311368
1.70996 0.0310176
1.6986 0.0308984
1.68795 0.0307792
1.67884 0.03066
1.67188 0.0305965
1.66666 0.0305331
1.66251 0.0304697
1.65876 0.0304062
1.65475 0.0303428
1.64992 0.0302925
1.64415 0.0302423
1.63743 0.030192
1.62974 0.0301418
1.62106 0.0300915
1.61149 0.0300075
1.60153 0.0299234
1.5918 0.0298394
1.58291 0.0297553
1.57546 0.0296713
1.56982 0.0296065
1.56529 0.0295418
1.56096 0.029477
1.55587 0.0294123
1.54909 0.0293475
1.54001 0.0292156
1.5293 0.0290837
1.51796 0.0289518
1.507 0.0288199
1.49741 0.028688
1.48989 0.0286233
1.48398 0.0285585
1.47893 0.0284937
1.47397 0.028429
1.46835 0.0283642
1.46155 0.0282803
1.45405 0.0281963
1.44656 0.0281123
1.43981 0.0280283
1.43452 0.0279444
1.43109 0.0278884
1.42872 0.0278325
1.4263 0.0277765
1.4227 0.0277206
1.41681 0.0276646
1.40792 0.0275572
1.39698 0.0274499
1.38534 0.0273425
1.37434 0.0272351
1.36534 0.0271277
1.35935 0.0271262
1.35601 0.0271246
1.35463 0.0271231
1.35452 0.0271215
1.35497 0.0271199
1.35538 0.0271257
1.3554 0.0271315
1.35479 0.0271372
1.35329 0.027143
1.35065 0.0271487
1.34671 0.0271129
1.34175 0.0270772
1.33617 0.0270414
1.33034 0.0270056
1.32466 0.0269698
1.31937 0.026924
1.31419 0.0268783
1.30869 0.0268326
1.30244 0.0267869
1.29502 0.0267412
1.28623 0.0266747
1.27679 0.0266082
1.26761 0.0265417
1.25965 0.0264753
1.25384 0.0264088
1.25072 0.0264111
1.24928 0.0264134
1.2481 0.0264157
1.24579 0.026418
1.24092 0.0264203
1.23256 0.026326
1.22163 0.0262318
1.20948 0.0261375
1.1975 0.0260433
1.18707 0.025949
1.17917 0.0259194
1.17333 0.0258899
1.16866 0.0258603
1.16431 0.0258308
1.15941 0.0258013
1.1534 0.0257919
1.14698 0.0257825
1.14116 0.0257731
1.13695 0.0257637
1.13537 0.0257543
1.13699 0.0258191
1.14073 0.0258839
1.14511 0.0259487
1.1486 0.0260135
1.1497 0.0260783
1.14736 0.0260404
1.14222 0.0260025
1.13537 0.0259647
1.12792 0.0259268
1.12094 0.0258889
1.11528 0.025862
1.1108 0.025835
1.1071 0.0258081
1.10378 0.0257811
1.10046 0.0257542
1.09682 0.0257206
1.09283 0.0256871
1.08859 0.0256536
1.08413 0.02562
1.07955 0.0255865
1.07487 0.0255277
1.06997 0.0254689
1.06474 0.0254101
1.05901 0.0253514
1.05266 0.0252926
1.04561 0.0252011
1.03807 0.0251096
1.03032 0.0250181
1.02263 0.0249266
1.01528 0.0248351
1.00851 0.0247642
1.00236 0.0246933
0.996831 0.0246224
0.991927 0.0245515
0.98765 0.0244806
0.983996 0.0244447
0.980944 0.0244088
0.978467 0.0243728
0.976538 0.0243369
0.975131 0.024301
0.974183 0.0242835
0.973481 0.024266
0.972776 0.0242485
0.971819 0.024231
0.970361 0.0242135
0.968233 0.0241775
0.965586 0.0241415
0.962654 0.0241055
0.959669 0.0240695
0.956862 0.0240334
0.954414 0.0240059
0.952304 0.0239784
0.950457 0.0239509
0.948799 0.0239233
0.947256 0.0238958
0.945752 0.0238701
0.944192 0.0238443
0.942482 0.0238185
0.940525 0.0237928
0.938224 0.023767
0.93554 0.0237334
0.932661 0.0236998
0.929828 0.0236662
0.927286 0.0236326
0.925279 0.023599
0.923915 0.0235719
0.922766 0.0235447
0.92127 0.0235176
0.918865 0.0234904
0.914986 0.0234633
0.909334 0.0233869
0.902651 0.0233106
0.895941 0.0232343
0.890208 0.023158
0.886456 0.0230816
0.885376 0.0230979
0.88641 0.0231142
0.888687 0.0231305
0.891335 0.0231468
0.893483 0.023163
0.894453 0.0231536
0.894332 0.0231442
0.8934 0.0231348
0.891939 0.0231254
0.890227 0.023116
0.888479 0.0230841
0.886637 0.0230522
0.884575 0.0230203
0.882169 0.0229883
0.879294 0.0229564
0.875964 0.0229314
0.872738 0.0229063
0.870317 0.0228812
0.8694 0.0228562
0.870686 0.0228311
0.87457 0.0228978
0.880239 0.0229646
0.886574 0.0230314
0.892457 0.0230981
0.89677 0.0231649
0.898639 0.0231372
0.898159 0.0231095
0.895669 0.0230819
0.89151 0.0230542
0.88602 0.0230265
0.879594 0.02295
0.872848 0.0228734
0.866453 0.0227968
0.86108 0.0227203
0.857401 0.0226437
0.855839 0.0226442
0.855828 0.0226446
0.856552 0.022645
0.857197 0.0226455
0.856948 0.0226459
0.85517 0.0225914
0.851949 0.0225368
0.847547 0.0224823
0.842231 0.0224277
0.836265 0.0223732
0.82994 0.0223011
0.823654 0.0222289
0.817835 0.0221568
0.812907 0.0220846
0.809296 0.0220125
0.8073 0.0220144
0.806704 0.0220163
0.807166 0.0220183
0.808343 0.0220202
0.809892 0.0220221
0.811486 0.02203
0.812857 0.0220379
0.813753 0.0220458
0.81392 0.0220536
0.813105 0.0220615
0.811222 0.0220419
0.808847 0.0220224
0.806722 0.0220028
0.80559 0.0219833
0.806194 0.0219637
0.809003 0.0220186
0.813403 0.0220735
0.818507 0.0221284
0.823428 0.0221834
0.827278 0.0222383
0.829343 0.0222198
0.829598 0.0222012
0.828187 0.0221827
0.825258 0.0221642
0.820956 0.0221457
0.815503 0.022068
0.809424 0.0219902
0.80332 0.0219125
0.79779 0.0218348
0.793435 0.021757
0.790682 0.0217416
0.789256 0.0217262
0.788713 0.0217107
0.788603 0.0216953
0.788482 0.0216798
0.787958 0.0216531
0.786867 0.0216263
0.785104 0.0215995
0.782561 0.0215728
0.779132 0.021546
0.774854 0.0215011
0.770337 0.0214563
0.766339 0.0214114
0.763613 0.0213666
0.762915 0.0213217
0.764716 0.0213705
0.768343 0.0214194
0.772841 0.0214682
0.777252 0.021517
0.780621 0.0215659
0.782229 0.021559
0.782307 0.0215522
# Group 2
0.646215 0.0162322
0.647322 0.0158133
0.648578 0.0153945
0.65013 0.0149756
0.652128 0.0145568
0.654718 0.0141379
0.65794 0.013862
0.661384 0.0135862
0.664531 0.0133103
0.666863 0.0130345
0.66786 0.0127586
0.667227 0.0127452
0.665568 0.0127319
0.663709 0.0127185
0.662479 0.0127051
0.662704 0.0126918
0.664963 0.0127261
0.668834 0.0127604
0.673647 0.0127947
0.678732 0.012829
0.683417 0.0128633
0.687187 0.0128808
0.690144 0.0128984
0.692542 0.012916
0.694639 0.0129336
0.69669 0.0129511
0.698881 0.0129638
0.70112 0.0129765
0.703245 0.0129891
0.705092 0.0130018
0.7065 0.0130145
0.707379 0.0130154
0.707922 0.0130164
0.708397 0.0130174
0.709072 0.0130183
0.710212 0.0130193
0.711984 0.0130296
0.714154 0.0130398
0.716387 0.0130501
0.718347 0.0130603
0.7197 0.0130706
0.720225 0.0130659
0.720165 0.0130611
0.719875 0.0130563
0.719714 0.0130516
0.720037 0.0130468
0.721129 0.0130643
0.722976 0.0130817
0.725493 0.0130991
0.728594 0.0131165
0.732194 0.0131339
0.736188 0.0131645
0.740401 0.013195
0.744638 0.0132256
0.748707 0.0132562
0.752411 0.0132867
0.755598 0.0133012
0.758272 0.0133157
0.760476 0.0133302
0.762254 0.0133447
0.76365 0.0133592
0.764758 0.0133717
0.765878 0.0133841
0.767359 0.0133965
0.769552 0.0134089
0.772806 0.0134214
0.777333 0.0134641
0.782798 0.0135067
0.788724 0.0135494
0.794638 0.0135921
0.800065 0.0136348
0.804657 0.0136612
0.808574 0.0136876
0.812104 0.013714
0.815533 0.0137404
0.819148 0.0137668
0.823156 0.0137974
0.827447 0.013828
0.83183 0.0138585
0.836113 0.0138891
0.840105 0.0139196
0.843714 0.0139505
0.847237 0.0139813
0.851066 0.0140121
0.855597 0.014043
0.861224 0.0140738
0.868164 0.0141289
0.875921 0.0141841
0.883823 0.0142393
0.891197 0.0142944
0.897369 0.0143496
0.9019 0.0143746
0.905272 0.0143996
0.908201 0.0144247
0.911402 0.0144497
0.915592 0.0144747
0.921266 0.014524
0.92805 0.0145733
0.935347 0.0146226
0.942565 0.0146718
0.949108 0.0147211
0.954562 0.0147536
0.959227 0.0147861
0.963584 0.0148186
0.968115 0.0148511
0.973299 0.0148836
0.979558 0.0149464
0.987073 0.0150092
0.99597 0.0150721
1.00637 0.0151349
1.01839 0.0151977
1.03209 0.0153061
1.0472 0.0154145
1.06337 0.0155228
1.08026 0.0156312
1.09753 0.0157395
1.11486 0.01585
1.13202 0.0159604
1.1488 0.0160709
1.16497 0.0161813
1.18034 0.0162917
1.19477 0.0163774
1.20847 0.016463
1.22172 0.0165486
1.23482 0.0166343
1.24806 0.0167199
1.26164 0.0168065
1.27551 0.016893
1.28953 0.0169796
1.30356 0.0170662
1.31747 0.0171527
1.33103 0.0172191
1.34373 0.0172855
1.35493 0.0173518
1.36402 0.0174182
1.37039 0.0174845
1.37366 0.017484
1.37445 0.0174834
1.37359 0.0174828
1.37195 0.0174822
1.37037 0.0174817
1.36956 0.0174869
1.36963 0.0174922
1.37057 0.0174975
1.37234 0.0175028
1.37492 0.017508
1.37826 0.017535
1.38219 0.0175619
1.38651 0.0175888
1.39102 0.0176158
1.39552 0.0176427
1.39986 0.0176678
1.40402 0.0176928
1.40801 0.0177179
1.41186 0.017743
1.41557 0.017768
1.41925 0.0177992
1.42328 0.0178304
1.42811 0.0178617
1.4342 0.0178929
1.44202 0.0179241
1.45188 0.0180016
1.46366 0.0180791
1.47707 0.0181566
1.49185 0.0182341
1.50773 0.0183116
1.5244 0.0184087
1.54144 0.0185058
1.55838 0.0186029
1.57476 0.0187
1.59012 0.0187971
1.60418 0.0188728
1.6174 0.0189486
1.63042 0.0190243
1.64389 0.0191001
1.65846 0.0191758
1.67464 0.0192825
1.69249 0.0193891
1.71193 0.0194958
1.7329 0.0196025
1.75532 0.0197091
1.77908 0.019845
1.80394 0.0199809
1.82963 0.0201168
1.85585 0.0202527
1.88234 0.0203886
1.90891 0.0205335
1.9358 0.0206784
1.96337 0.0208234
1.99196 0.0209683
2.02192 0.0211133
2.0535 0.021284
2.08665 0.0214547
2.12123 0.0216253
2.15709 0.021796
2.19408 0.0219667
2.23201 0.0221496
2.27047 0.0223325
2.309 0.0225154
2.34714 0.0226983
2.38444 0.0228812
2.42061 0.0230463
2.45607 0.0232115
2.49142 0.0233767
2.52726 0.0235419
2.5642 0.023707
2.60271 0.0238911
2.64286 0.0240751
2.68456 0.0242591
2.72777 0.0244432
2.77241 0.0246272
2.81841 0.0248311
2.86562 0.025035
2.91385 0.0252389
2.96296 0.0254428
3.01276 0.0256467
3.0631 0.0258554
3.1139 0.0260642
3.16509 0.0262729
3.21658 0.0264817
3.2683 0.0266904
3.32033 0.0269053
3.37324 0.0271201
3.42777 0.0273349
3.48466 0.0275498
3.54461 0.0277646
3.60809 0.0280154
3.67436 0.0282662
3.74244 0.0285169
3.81132 0.0287677
3.88 0.0290185
3.9479 0.0292738
4.01612 0.0295291
4.08618 0.0297845
4.15961 0.0300398
4.23793 0.0302951
4.32211 0.0306016
4.41096 0.0309081
4.50273 0.0312147
4.59567 0.0315212
4.68803 0.0318277
4.77873 0.0321334
4.86932 0.0324391
4.96203 0.0327447
5.05906 0.0330504
5.16263 0.0333561
5.2743 0.0337332
5.39307 0.0341104
5.51726 0.0344876
5.6452 0.0348648
5.77522 0.035242
5.9063 0.0356494
6.03992 0.0360568
6.17821 0.0364643
6.3233 0.0368717
6.4773 0.0372791
6.64154 0.0377592
6.81412 0.0382392
6.99232 0.0387192
7.17344 0.0391992
7.35476 0.0396793
7.53456 0.040162
7.715 0.0406448
7.89927 0.0411276
8.0905 0.0416104
8.29186 0.0420932
8.50562 0.0426541
8.7304 0.0432151
8.96395 0.043776
9.20401 0.0443369
9.44833 0.0448979
9.69541 0.0454904
9.94686 0.0460829
10.2051 0.0466754
10.4724 0.0472679
10.7512 0.0478604
11.0431 0.0485211
11.3463 0.0491818
11.6584 0.0498425
11.9767 0.0505032
12.2988 0.0511639
12.6229 0.0518366
12.9505 0.0525093
13.2839 0.053182
13.6252 0.0538546
13.9769 0.0545273
14.3406 0.0552587
14.7166 0.0559901
15.1048 0.0567215
15.5049 0.0574529
15.9168 0.0581843
16.3406 0.0589848
16.7774 0.0597852
17.2284 0.0605856
17.6949 0.061386
18.1784 0.0621865
18.6796 0.0630672
19.1971 0.0639479
19.7293 0.0648287
20.2743 0.0657094
20.8304 0.0665901
21.3969 0.0675372
21.9787 0.0684844
22.5817 0.0694315
23.2119 0.0703786
23.8754 0.0713258
24.577 0.0724564
25.3178 0.0735871
26.0976 0.0747177
26.9162 0.0758484
27.7736 0.076979
28.6702 0.0783074
29.6093 0.0796358
30.5948 0.0809642
31.6306 0.0822926
32.7205 0.083621
33.8693 0.0852238
35.0845 0.0868265
36.3748 0.0884293
37.7485 0.0900321
39.2142 0.0916349
40.7807 0.0936641
42.4584 0.0956933
44.2581 0.0977225
46.1905 0.0997517
48.2664 0.101781
50.4981 0.104408
52.9041 0.107036
55.5042 0.109664
58.3185 0.112291
61.3669 0.114919
64.6735 0.118435
68.2786 0.121951
72.2269 0.125467
76.5629 0.128983
81.331 0.132498
86.5818 0.137417
92.389 0.142336
98.8324 0.147255
105.992 0.152174
113.947 0.157093
122.786 0.164056
132.626 0.171018
143.596 0.17798
155.821 0.184943
169.428 0.191905
184.552 0.201486
201.356 0.211067
220.013 0.220648
240.695 0.230229
263.572 0.239811
288.825 0.252348
316.66 0.264886
347.289 0.277423
380.928 0.289961
417.789 0.302498
458.078 0.317993
501.962 0.333488
549.603 0.348983
601.161 0.364478
656.795 0.379973
716.653 0.397916
780.83 0.415858
849.411 0.433801
922.478 0.451743
1000.11 0.469686
1082.38 0.48932
1169.26 0.508955
1260.7 0.528589
1356.66 0.548224
1457.1 0.567858
1561.93 0.588251
1670.97 0.608643
1783.96 0.629036
1900.68 0.649428
2020.88 0.669821
2144.3 0.689823
2270.5 0.709826
2399.01 0.729829
2529.36 0.749832
2661.07 0.769835
2793.66 0.788109
2926.48 0.806383
3058.91 0.824657
3190.29 0.842931
3319.98 0.861204
3447.29 0.87633
3571.46 0.891455
3691.66 0.906581
3807.09 0.921706
3916.94 0.936831
4020.43 0.947361
4116.86 0.957891
4205.55 0.96842
4285.83 0.97895
4357.02 0.98948
4418.49 0.994245
4469.69 0.99901
4510.12 1.00378
4539.27 1.00854
4556.63 1.01331
4561.78 1.01139
4554.6 1.00948
4535.08 1.00757
4503.17 1.00566
4458.86 1.00375
4402.2 0.994861
4333.64 0.985975
4253.73 0.97709
4162.99 0.968205
4061.97 0.959319
3951.29 0.944028
3831.87 0.928737
3704.7 0.913445
3570.8 0.898154
3431.15 0.882863
3286.76 0.862586
3138.59 0.84231
2987.62 0.822033
2834.79 0.801757
2681.09 0.78148
2527.46 0.758011
2374.77 0.734542
2223.88 0.711073
2075.64 0.687604
1930.93 0.664134
1790.53 0.639693
1654.97 0.615252
1524.71 0.590811
1400.22 0.566369
1281.96 0.541928
1170.32 0.518803
1065.38 0.495678
967.163 0.472553
875.675 0.449428
790.929 0.426303
712.886 0.406325
641.297 0.386346
575.861 0.366368
516.278 0.346389
462.247 0.326411
413.46 0.310528
369.571 0.294645
330.227 0.278763
295.077 0.26288
263.765 0.246998
235.951 0.235396
211.334 0.223794
189.624 0.212193
170.533 0.200591
153.77 0.18899
139.061 0.181239
126.196 0.173488
114.978 0.165737
105.211 0.157986
96.6992 0.150235
89.2615 0.145442
82.7766 0.140648
77.1382 0.135855
72.2398 0.131061
67.9751 0.126267
64.2452 0.123435
60.9814 0.120603
58.1222 0.11777
55.6064 0.114938
53.3726 0.112106
51.3653 0.110302
49.5523 0.108498
47.907 0.106694
46.4029 0.10489
45.0136 0.103086
43.7154 0.10173
42.4969 0.100374
41.3493 0.0990175
40.2641 0.0976614
39.2327 0.0963052
38.247 0.0951475
37.3007 0.0939898
36.388 0.092832
35.5032 0.0916743
34.6404 0.0905166
33.7946 0.0894088
32.963 0.088301
32.1435 0.0871932
31.3341 0.0860854
30.5326 0.0849777
29.7377 0.0838649
28.9513 0.0827521
28.1761 0.0816393
27.4148 0.0805265
26.6701 0.0794138
25.9439 0.0783388
25.2347 0.0772639
24.5404 0.0761889
23.8586 0.0751139
23.1871 0.074039
22.5244 0.072978
21.8714 0.0719171
21.2298 0.0708561
20.6013 0.0697952
19.9874 0.0687342
19.3896 0.0677261
18.8083 0.0667179
18.2437 0.0657098
17.6961 0.0647016
17.1657 0.0636935
16.6526 0.0627682
16.1564 0.0618428
15.6768 0.0609175
15.2134 0.0599922
14.7657 0.0590669
14.3337 0.0582387
13.9178 0.0574105
13.5191 0.0565823
13.1383 0.0557541
12.7763 0.0549259
12.4337 0.0542405
12.1099 0.053555
11.8041 0.0528696
11.5152 0.0521842
11.2425 0.0514988
10.9848 0.050943
10.7407 0.0503872
10.5084 0.0498315
10.2862 0.0492757
10.0724 0.0487199
9.86571 0.0482486
9.66697 0.0477773
9.47735 0.0473061
9.29808 0.0468348
9.13038 0.0463635
8.97515 0.0460185
8.83206 0.0456736
8.70045 0.0453286
8.57967 0.0449837
8.46907 0.0446387
8.36787 0.0444028
8.2747 0.0441669
8.18809 0.043931
8.10656 0.0436951
8.02861 0.0434592
7.95298 0.0432626
7.87923 0.0430659
7.80712 0.0428693
7.73644 0.0426726
7.66695 0.042476
7.59858 0.0423017
7.53191 0.0421274
7.46767 0.0419531
7.4066 0.0417789
7.34944 0.0416046
7.29658 0.0414715
7.24711 0.0413385
7.19978 0.0412054
7.15333 0.0410723
7.10652 0.0409393
7.05826 0.0407922
7.0081 0.0406451
6.95576 0.0404981
6.90096 0.040351
6.84342 0.0402039
6.78312 0.0400283
6.72105 0.0398527
6.65849 0.0396771
6.59668 0.0395014
6.53689 0.0393258
6.47998 0.0391659
6.42522 0.039006
6.37148 0.0388461
6.31763 0.0386862
6.26254 0.0385264
6.20543 0.0383517
6.1469 0.0381771
6.0879 0.0380024
6.02938 0.0378278
5.97229 0.0376532
5.91731 0.0374891
5.86401 0.037325
5.8117 0.037161
5.75967 0.0369969
5.70723 0.0368328
5.65389 0.0366639
5.60004 0.0364951
5.54625 0.0363262
5.49312 0.0361573
5.44124 0.0359885
5.39097 0.0358261
5.34177 0.0356637
5.29286 0.0355013
5.24346 0.0353389
5.19281 0.0351766
5.14044 0.0350021
5.08715 0.0348277
5.03407 0.0346532
4.98232 0.0344787
4.93302 0.0343043
4.88693 0.0341568
4.84338 0.0340094
4.80136 0.0338619
4.75984 0.0337144
4.7178 0.0335669
4.67446 0.0334103
4.63003 0.0332537
4.58493 0.0330971
4.53962 0.0329405
4.49453 0.0327839
4.45009 0.0326345
4.40664 0.0324852
4.3645 0.0323359
4.32401 0.0321866
4.28547 0.0320372
4.24904 0.0319122
4.21416 0.0317872
4.18009 0.0316622
4.1461 0.0315371
4.11144 0.0314121
4.07565 0.0312842
4.03928 0.0311563
4.00315 0.0310284
3.96809 0.0309006
3.93491 0.0307727
3.90418 0.0306745
3.87551 0.0305763
3.84825 0.0304781
3.82173 0.03038
3.79531 0.0302818
3.76847 0.0301896
3.7413 0.0300974
3.71399 0.0300052
3.68676 0.0299131
3.65982 0.0298209
3.63334 0.0297368
3.60733 0.0296527
3.58177 0.0295686
3.55663 0.0294845
3.53189 0.0294004
3.50754 0.0293273
3.4836 0.0292541
3.46011 0.029181
3.43714 0.0291079
3.4147 0.0290348
3.39277 0.028967
3.37095 0.0288993
3.34876 0.0288315
3.32573 0.0287637
3.30138 0.028696
3.2754 0.0286038
3.24819 0.0285117
3.22032 0.0284195
3.19234 0.0283273
3.16482 0.0282352
3.13822 0.0281481
3.11254 0.028061
3.0877 0.0279739
3.06358 0.0278869
3.04009 0.0277998
3.01715 0.0277196
2.9947 0.0276395
2.97271 0.0275593
2.95114 0.0274792
2.92996 0.027399
2.90912 0.0273203
2.88855 0.0272416
2.86815 0.0271629
2.84785 0.0270843
2.82755 0.0270056
2.80721 0.026921
2.78685 0.0268365
2.76655 0.0267519
2.74638 0.0266673
2.72641 0.0265828
2.70677 0.0265081
2.68785 0.0264335
2.6701 0.0263588
2.65398 0.0262842
2.63993 0.0262095
2.6282 0.0261685
2.61825 0.0261276
2.60934 0.0260866
2.60071 0.0260457
2.59161 0.0260047
2.58141 0.0259453
2.56992 0.0258859
2.55706 0.0258265
2.54275 0.0257671
2.52691 0.0257077
2.50957 0.0256138
2.49126 0.0255199
2.47262 0.025426
2.45427 0.0253321
2.43686 0.0252382
2.42084 0.0251523
2.40601 0.0250665
2.39196 0.0249806
2.37831 0.0248947
2.36467 0.0248088
2.35069 0.0247124
2.33632 0.024616
2.32153 0.0245197
2.30632 0.0244233
2.29066 0.0243269
2.27456 0.0242199
2.25802 0.024113
2.24107 0.024006
2.22374 0.023899
2.20603 0.023792
2.188 0.0236665
2.16982 0.0235409
2.1517 0.0234153
2.13384 0.0232898
2.11645 0.0231642
2.09969 0.0230451
2.08359 0.022926
2.06813 0.0228069
2.05331 0.0226878
2.0391 0.0225687
2.02552 0.022475
2.01262 0.0223813
2.00049 0.0222876
1.98919 0.0221939
1.97882 0.0221003
1.96937 0.0220295
1.96048 0.0219587
1.95174 0.0218879
1.94271 0.0218171
1.93297 0.0217464
1.92225 0.0216617
1.91098 0.0215771
1.89971 0.0214925
1.88903 0.0214079
1.87952 0.0213233
1.87156 0.0212663
1.86483 0.0212092
1.85881 0.0211522
1.85297 0.0210951
1.8468 0.0210381
1.83988 0.020982
1.83217 0.0209258
1.82375 0.0208697
1.81467 0.0208136
1.805 0.0207574
1.79485 0.0206918
1.78449 0.0206261
1.77422 0.0205604
1.76435 0.0204947
1.7552 0.0204291
1.7469 0.0203618
1.739 0.0202946
1.73086 0.0202274
1.72184 0.0201601
1.71133 0.0200929
1.69892 0.0199891
1.68511 0.0198852
1.67063 0.0197814
1.6562 0.0196776
1.64256 0.0195737
1.63026 0.0194993
1.61915 0.0194248
1.60894 0.0193503
1.59929 0.0192759
1.58991 0.0192014
1.58054 0.0191314
1.5712 0.0190614
1.56198 0.0189914
1.55298 0.0189214
1.54426 0.0188515
1.53587 0.0187789
1.52761 0.0187063
1.51921 0.0186337
1.51044 0.0185611
1.50102 0.0184885
1.49082 0.0184177
1.48022 0.0183468
1.46968 0.018276
1.45969 0.0182052
1.45074 0.0181344
1.44314 0.018091
1.43661 0.0180477
1.43067 0.0180043
1.42486 0.017961
1.41874 0.0179176
1.41194 0.0178707
1.40461 0.0178237
1.39698 0.0177768
1.3893 0.0177298
1.38182 0.0176828
1.37472 0.0176472
1.36804 0.0176116
1.36172 0.017576
1.35574 0.0175404
1.35006 0.0175048
1.34459 0.0174664
1.33899 0.0174281
1.33286 0.0173898
1.3258 0.0173514
1.31741 0.0173131
1.30749 0.0172513
1.2966 0.0171896
1.28549 0.0171278
1.27491 0.0170661
1.26563 0.0170043
1.25815 0.0169763
1.25205 0.0169483
1.24664 0.0169203
1.24126 0.0168923
1.23523 0.0168643
1.22809 0.0168244
1.22019 0.0167844
1.21207 0.0167444
1.20429 0.0167045
1.1974 0.0166645
1.19179 0.0166515
1.18718 0.0166385
1.18312 0.0166255
1.17915 0.0166125
1.17484 0.0165995
1.16988 0.0165903
1.16459 0.0165811
1.15941 0.0165719
1.15481 0.0165627
1.15125 0.0165535
1.14903 0.0165681
1.14781 0.0165828
1.1471 0.0165975
1.14641 0.0166121
1.14525 0.0166268
1.14325 0.0166318
1.14061 0.0166368
1.13765 0.0166418
1.13468 0.0166468
1.13203 0.0166518
1.12992 0.0166607
1.12825 0.0166695
1.12678 0.0166783
1.12532 0.0166871
1.12363 0.016696
1.12157 0.016693
1.11914 0.01669
1.11642 0.0166871
1.11348 0.0166841
1.11038 0.0166811
1.10722 0.0166738
1.10413 0.0166664
1.10128 0.016659
1.09885 0.0166516
1.09698 0.0166443
1.09577 0.0166429
1.09494 0.0166415
1.09415 0.0166402
1.09306 0.0166388
1.09132 0.0166374
1.08868 0.016614
1.08536 0.0165906
1.08165 0.0165672
1.07788 0.0165438
1.07434 0.0165204
1.07128 0.0164997
1.06861 0.016479
1.06616 0.0164583
1.06379 0.0164376
1.06132 0.0164169
1.05865 0.0163927
1.05579 0.0163686
1.05281 0.0163445
1.0498 0.0163204
1.04681 0.0162962
1.04389 0.0162702
1.04097 0.0162442
1.03797 0.0162182
1.03478 0.0161921
1.03133 0.0161661
1.02756 0.0161342
1.02364 0.0161022
1.01979 0.0160703
1.01622 0.0160383
1.01315 0.0160064
1.01073 0.0159937
1.00896 0.0159809
1.00773 0.0159682
1.007 0.0159555
1.00667 0.0159428
1.00664 0.0159389
1.00671 0.015935
1.00665 0.0159312
1.00622 0.0159273
1.00518 0.0159234
1.00339 0.0159043
1.00107 0.0158852
0.998506 0.0158661
0.996011 0.015847
0.993882 0.0158279
0.992364 0.0158236
0.991466 0.0158193
0.991145 0.0158151
0.991353 0.0158108
0.992047 0.0158066
0.993152 0.0158148
0.994488 0.0158231
0.995848 0.0158313
0.997025 0.0158396
0.99781 0.0158478
0.998031 0.015839
0.997654 0.0158302
0.996678 0.0158213
0.995103 0.0158125
0.992929 0.0158036
0.990224 0.0157841
0.987326 0.0157645
0.984643 0.0157449
0.982581 0.0157253
0.981546 0.0157057
0.981828 0.0157201
0.983245 0.0157344
0.985501 0.0157488
0.988295 0.0157632
0.991329 0.0157775
0.994315 0.0157912
0.996994 0.0158049
0.999119 0.0158186
1.00044 0.0158323
1.00071 0.015846
0.999761 0.0158249
0.99773 0.0158038
0.99484 0.0157827
0.991309 0.0157616
0.987359 0.0157404
0.983214 0.0157123
0.979128 0.0156842
0.975357 0.0156561
0.972161 0.015628
0.969798 0.0155999
0.968405 0.0155919
0.967646 0.0155838
0.967063 0.0155758
0.966197 0.0155678
0.964592 0.0155597
0.961924 0.0155302
0.958408 0.0155007
0.954394 0.0154712
0.950232 0.0154417
0.946271 0.0154122
0.942799 0.0153931
0.939862 0.0153739
0.937439 0.0153548
0.935515 0.0153356
0.934072 0.0153165
0.933106 0.015318
0.932675 0.0153195
0.932851 0.0153211
0.933705 0.0153226
0.93531 0.0153242
0.937658 0.0153428
0.940422 0.0153614
0.943195 0.0153801
0.945571 0.0153987
0.947144 0.0154173
0.947649 0.0154158
0.947395 0.0154143
0.946829 0.0154128
0.946401 0.0154114
0.946561 0.0154099
0.947613 0.0154211
0.949286 0.0154323
0.95116 0.0154435
0.952819 0.0154547
0.953847 0.0154658
0.953937 0.0154577
0.953242 0.0154495
0.952024 0.0154413
0.950547 0.0154331
0.949074 0.015425
0.94781 0.0154157
0.946724 0.0154065
0.945726 0.0153972
0.944725 0.015388
0.943631 0.0153787
0.94239 0.0153691
0.941086 0.0153595
0.939837 0.0153498
0.938762 0.0153402
0.937981 0.0153306
0.937571 0.0153293
0.937434 0.015328
0.937435 0.0153266
0.937434 0.0153253
0.937293 0.015324
0.93694 0.0153246
0.93657 0.0153253
0.936444 0.0153259
0.93682 0.0153265
0.937961 0.0153272
0.939999 0.0153434
0.942565 0.0153596
0.945164 0.0153758
0.947297 0.015392
0.948469 0.0154082
0.948337 0.0153966
0.947165 0.015385
